1        0.0     0.00    0.00    1000.00 0.00
2        0.1     7.23    0.81    50.00   0.77
3        0.3     2.30    -3.09   39.03   1.16
4        0.4     2.27    -3.10   39.21   1.16
5        0.6     2.28    -3.08   39.47   1.16
6        0.9     2.29    -3.06   39.55   1.15
7        1.1     2.44    -3.03   38.42   1.14
8        1.5     4.40    -3.01   28.19   1.14
9        1.7     4.30    -3.03   27.61   1.14
10       2.0     4.96    -3.03   27.56   1.14
11       2.3     2.10    -3.00   41.92   1.15
12       2.5     1.97    -2.99   43.18   1.16
13       2.8     2.01    -2.95   43.09   1.15
14       3.0     2.08    -3.02   41.92   1.15
15       3.3     2.16    3.09    40.55   1.13
16       3.7     2.22    3.12    39.56   1.13
17       4.0     2.24    3.03    40.40   1.14
18       4.3     2.21    -3.12   39.64   1.15
19       4.5     2.22    -3.05   40.34   1.16
20       4.8     1.86    -2.98   44.18   1.17
21       5.1     3.92    -3.02   27.80   1.17
22       5.3     4.81    -3.04   27.34   1.16
23       5.6     1.51    3.07    46.98   1.14
24       5.8     2.44    3.10    37.65   1.12
25       6.2     2.62    3.12    35.59   1.09
26       6.4     2.79    -3.13   33.66   1.06
27       6.7     2.99    3.07    32.58   1.03
28       7.0     3.17    3.11    30.09   1.00
29       7.3     3.87    3.05    27.16   0.97
30       7.6     1.47    2.97    47.65   0.95
31       7.8     2.00    2.74    44.83   0.94
32       8.1     1.05    2.77    60.43   0.94
33       8.4     1.53    2.52    48.61   0.93
34       8.8     1.75    2.79    46.19   0.91
35       9.0     4.70    2.90    30.71   0.87
36       9.3     4.35    2.84    32.20   0.84
37       9.6     4.49    2.88    31.24   0.81
38       9.9     4.70    2.93    29.93   0.77
39       10.1    4.92    2.88    31.33   0.73
40       10.4    3.69    2.75    34.27   0.69
41       10.8    4.94    0.19    50.00   0.68
42       11.1    4.32    0.17    50.00   0.68
43       11.4    4.33    0.15    50.00   0.71
44       11.6    4.31    0.14    50.00   0.74
45       11.9    2.95    0.14    90.67   0.77
46       12.2    1.51    0.13    180.49  0.80
47       12.5    1.14    0.09    223.93  0.79
48       12.8    1.27    0.04    195.50  0.77
49       13.1    1.45    -0.03   184.29  0.72
50       13.4    3.87    -0.06   50.00   0.69
51       13.6    3.83    -0.12   50.00   0.70
52       13.9    3.80    -0.17   50.00   0.73
53       14.3    4.26    -0.20   50.00   0.80
54       14.5    4.25    -0.25   50.00   0.90
55       14.8    4.90    -0.29   50.00   0.96
56       15.1    4.45    -0.38   50.00   0.97
57       15.4    4.36    -0.46   50.00   0.90
Time to reach the goal = 15.400000
