1        0.0     0.00    0.00    1000.00         0.00
2        0.2     4.51    0.43    50.00   1.07
3        0.3     1.98    -2.83   44.27   1.53
4        0.6     1.98    -2.84   44.23   1.54
5        0.8     1.98    -2.81   44.47   1.54
6        1.0     1.99    -2.78   44.64   1.54
7        1.3     1.95    -2.75   45.09   1.54
8        1.5     1.92    -2.72   45.47   1.56
9        1.8     1.83    -2.68   46.34   1.57
10       2.0     1.74    -2.63   47.10   1.57
11       2.3     1.75    -2.56   47.45   1.57
12       2.5     1.83    -2.53   47.29   1.57
13       2.8     1.94    -2.58   46.38   1.56
14       3.0     2.08    -2.65   45.13   1.55
15       3.3     2.10    -2.67   44.79   1.55
16       3.6     1.99    -2.66   45.55   1.55
17       3.9     1.85    -2.58   46.84   1.56
18       4.2     1.81    -2.54   47.28   1.56
19       4.4     1.74    -2.54   47.58   1.57
20       4.8     0.88    -2.58   84.74   1.59
21       5.0     1.54    -2.59   48.32   1.61
22       5.3     1.41    -2.58   48.97   1.62
23       5.5     1.27    -2.53   49.69   1.64
24       5.8     1.11    -2.42   61.96   1.66
25       6.1     1.07    -2.34   69.65   1.67
26       6.3     1.11    -2.32   64.66   1.67
27       6.6     1.16    -2.29   56.35   1.66
28       6.9     1.13    -2.22   62.60   1.66
29       7.2     1.08    -2.17   72.06   1.67
30       7.4     1.02    -2.12   84.97   1.69
31       7.7     1.04    -2.13   80.77   1.69
32       7.9     1.10    -2.11   69.56   1.68
33       8.1     1.22    -2.09   50.39   1.66
34       8.4     1.34    -2.16   49.91   1.63
35       8.6     1.48    -2.25   49.56   1.61
36       8.9     1.68    -2.38   48.61   1.58
37       9.1     1.96    -2.54   46.62   1.54
38       9.4     2.35    -2.72   42.83   1.51
39       9.6     2.94    -2.90   36.10   1.48
40       9.9     3.72    -3.02   27.81   1.43
41       10.1    4.53    -3.13   25.35   1.38
42       10.4    3.78    3.11    25.79   1.33
43       10.6    3.93    3.10    25.93   1.28
44       10.9    4.15    3.12    25.56   1.22
45       11.2    4.32    -3.08   26.44   1.16
46       11.4    4.83    -3.03   27.64   1.10
47       11.8    4.89    -3.03   27.74   1.08
48       12.1    4.85    -3.11   25.82   1.10
49       12.3    4.45    3.14    -1.#J   1.13
50       12.6    4.41    3.09    26.16   1.16
51       12.8    4.34    3.06    26.98   1.20
52       13.1    4.59    3.07    26.70   1.24
53       13.3    4.55    3.13    25.37   1.29
54       13.6    3.87    -3.07   26.65   1.34
55       13.8    3.09    -2.96   33.74   1.39
56       14.1    2.66    -2.85   39.05   1.42
57       14.3    2.46    -2.79   41.33   1.44
58       14.6    2.40    -2.77   42.00   1.44
59       14.8    2.48    -2.76   41.55   1.42
60       15.1    2.64    -2.81   39.72   1.39
61       15.3    2.66    -2.88   38.56   1.35
62       15.6    2.75    -2.94   36.95   1.33
63       15.8    2.95    -2.96   34.90   1.34
64       16.0    2.68    -2.94   37.58   1.39
65       16.4    2.28    -2.86   41.77   1.48
66       16.6    1.94    -2.77   45.04   1.59
67       16.9    1.64    -2.64   47.63   1.74
68       17.1    1.37    -2.44   49.41   1.95
69       17.5    1.21    -2.25   49.98   2.21
70       17.7    1.16    -2.03   66.44   2.49
71       18.0    1.20    -2.03   59.52   2.85
Time to reach the goal = 17.950001
