1        0.0     0.00    0.00    1000.00 0.00
2        0.1     5.44    0.77    50.00   0.77
3        0.3     4.47    -3.11   25.71   1.16
4        0.4     2.33    -3.12   38.45   1.15
5        0.6     2.37    -3.10   38.33   1.15
6        0.9     2.35    -3.08   38.74   1.15
7        1.1     2.42    -3.04   38.45   1.13
8        1.4     2.50    -3.02   38.08   1.12
9        1.7     2.66    -2.98   37.14   1.10
10       2.0     4.89    -2.83   32.33   1.08
11       2.3     4.97    -2.88   31.23   1.06
12       2.5     2.86    -2.97   35.60   1.04
13       2.8     4.96    -3.05   27.13   1.04
14       3.1     4.90    -3.08   26.46   1.04
15       3.3     4.77    -3.07   26.74   1.05
16       3.7     2.74    -3.01   36.00   1.06
17       4.0     2.74    -2.97   36.66   1.06
18       4.3     2.77    -2.98   36.13   1.05
19       4.6     2.91    -3.04   33.96   1.04
20       4.9     3.07    3.13    30.78   1.02
21       5.2     3.14    3.05    31.57   1.01
22       5.5     3.16    3.02    32.05   1.02
23       5.8     3.14    3.04    31.78   1.03
24       6.1     3.20    3.06    30.82   1.03
25       6.3     3.30    3.07    29.51   1.01
26       6.7     3.03    -3.03   33.00   0.99
27       6.9     2.54    -2.98   38.24   0.97
28       7.2     1.29    -2.99   49.19   0.94
29       7.5     3.59    -3.05   27.22   0.91
30       7.8     1.76    3.14    -1.#J   0.89
31       8.0     4.38    3.05    27.18   0.86
32       8.3     2.36    3.00    39.59   0.82
33       8.6     2.61    2.99    37.39   0.78
34       8.9     3.11    2.98    33.11   0.76
35       9.1     3.23    2.97    32.28   0.75
36       9.4     3.32    2.96    31.75   0.75
37       9.6     2.86    2.90    36.67   0.75
38       9.9     3.66    2.81    32.80   0.76
39       10.1    4.06    2.65    36.82   0.77
40       10.4    4.19    2.66    36.53   0.78
41       10.7    3.46    2.67    37.11   0.80
42       10.9    3.53    2.69    36.31   0.82
43       11.2    4.73    2.80    33.08   0.85
44       11.4    4.71    2.82    32.59   0.88
45       11.7    3.32    2.68    37.66   0.89
46       12.1    2.94    2.75    38.74   0.89
47       12.4    3.06    2.82    36.54   0.88
48       12.6    3.72    2.88    31.32   0.86
49       12.9    3.82    2.76    34.08   0.85
50       13.1    3.93    2.81    32.98   0.85
51       13.4    2.58    2.83    39.84   0.88
52       13.8    1.16    2.86    51.94   0.92
53       14.1    4.70    3.03    27.73   0.97
54       14.3    4.24    3.07    26.81   0.98
55       14.6    4.92    3.11    25.82   0.99
56       14.8    3.76    -3.13   25.23   0.96
57       15.1    3.86    3.07    26.61   0.93
58       15.3    4.00    3.12    25.57   0.87
59       15.6    4.96    -0.07   50.00   0.79
60       15.9    3.91    -0.14   50.00   0.69
61       16.1    4.01    -0.21   50.00   0.64
62       16.5    4.02    -0.26   50.00   0.63
63       16.7    4.04    -0.31   50.00   0.66
64       17.0    4.45    -0.36   50.00   0.79
65       17.3    4.44    -0.40   50.00   0.95
66       17.5    4.40    -0.45   50.00   1.21
67       17.8    2.92    -0.52   92.65   1.57
Time to reach the goal = 17.750000
