1        0.0     0.00    0.00    1000.00 0.00
2        0.2     5.55    0.80    50.00   0.77
3        0.3     2.31    -3.09   38.99   1.15
4        0.5     2.32    -3.09   38.89   1.15
5        0.7     2.28    -3.06   39.54   1.15
6        0.9     2.32    -3.04   39.47   1.14
7        1.2     4.51    -3.01   28.15   1.13
8        1.5     4.56    -2.97   29.02   1.12
9        1.7     4.61    -2.90   30.84   1.10
10       2.0     4.62    -3.02   28.00   1.09
11       2.3     4.57    -3.08   26.48   1.09
12       2.6     4.46    -3.09   26.23   1.09
13       2.9     2.42    -3.06   38.33   1.10
14       3.2     2.28    -2.98   40.44   1.11
15       3.5     2.29    -2.97   40.52   1.11
16       3.8     2.39    -2.92   40.26   1.11
17       4.1     2.52    -3.04   37.58   1.09
18       4.4     2.69    3.12    34.78   1.08
19       4.7     2.78    -3.13   33.73   1.07
20       5.0     2.82    2.99    35.57   1.08
21       5.3     2.83    3.02    35.08   1.08
22       5.5     2.42    -3.07   38.21   1.10
23       5.8     1.76    -2.95   45.17   1.10
24       6.1     1.87    -2.89   44.66   1.09
25       6.3     4.57    -2.81   32.84   1.06
26       6.7     2.18    -2.90   42.10   1.04
27       6.9     3.06    -3.07   31.93   1.01
28       7.3     3.68    3.04    27.42   0.98
29       7.5     3.86    2.99    28.64   0.94
30       7.8     1.42    2.91    48.19   0.91
31       8.0     1.64    2.73    47.22   0.90
32       8.3     1.69    2.63    47.37   0.90
33       8.6     1.88    2.64    46.33   0.89
34       8.8     2.33    2.66    43.66   0.87
35       9.1     2.65    2.67    41.67   0.84
36       9.3     2.31    2.93    40.83   0.81
37       9.6     4.90    3.08    26.50   0.77
38       9.9     3.81    -3.09   26.16   0.73
39       10.1    3.97    -3.03   27.74   0.70
40       10.4    3.76    -2.99   28.55   0.66
41       10.7    3.89    -3.01   28.15   0.62
42       10.9    4.49    -3.06   26.98   0.59
43       11.3    4.74    3.13    25.33   0.54
44       11.5    4.46    2.98    28.94   0.49
45       11.9    3.61    2.79    33.39   0.45
46       12.1    4.05    -0.19   50.00   0.42
47       12.4    4.03    -0.23   50.00   0.41
48       12.8    3.50    0.01    56.04   0.42
49       13.1    3.90    0.02    50.00   0.43
50       13.4    4.47    0.02    50.00   0.47
51       13.6    4.41    0.01    50.00   0.50
52       13.9    4.89    0.01    50.00   0.51
53       14.2    4.47    -0.00   50.00   0.50
54       14.5    4.57    -0.04   50.00   0.47
55       14.8    4.73    -0.09   50.00   0.43
56       15.1    4.06    -0.13   50.00   0.37
57       15.4    4.14    -0.17   50.00   0.34
58       15.7    3.67    -0.21   50.00   0.32
59       16.0    2.69    -0.23   106.88  0.34
60       16.3    3.63    -0.26   50.00   0.38
61       16.5    2.08    -0.27   145.00  0.44
62       16.9    4.11    -0.30   50.00   0.52
63       17.1    4.09    -0.32   50.00   0.57
64       17.4    4.64    -0.37   50.00   0.55
65       17.6    4.21    -0.43   50.00   0.48
66       17.9    4.32    -0.48   50.00   0.33
67       18.1    4.48    -0.54   50.00   0.05
Time to reach the goal = 18.150000
