1        0.0     0.00    0.00    1000.00 0.00
2        0.2     6.00    0.17    50.00   1.16
3        0.3     0.55    -2.90   79.62   1.95
4        0.5     0.54    -2.88   83.20   1.95
5        0.7     0.67    -2.84   80.16   1.95
6        0.9     0.96    -2.75   68.05   1.95
7        1.2     1.21    -2.66   49.95   1.95
8        1.5     1.55    -2.52   48.51   1.94
9        1.7     2.03    -2.42   47.30   1.94
10       2.0     2.93    -2.37   45.29   1.95
11       2.2     3.90    -2.32   44.55   1.96
12       2.5     1.39    -2.24   49.71   1.97
13       2.7     3.95    -2.22   47.01   1.97
14       3.0     4.08    -2.23   46.64   1.96
15       3.2     4.15    -2.25   46.35   1.96
16       3.5     4.15    -2.22   46.95   1.96
17       3.7     3.77    -2.16   48.34   1.97
18       4.0     4.10    -2.11   49.53   1.99
19       4.2     4.12    -2.09   50.00   2.00
20       4.4     4.16    -2.11   49.59   2.00
21       4.7     4.29    -2.17   48.28   1.99
22       4.9     4.43    -2.22   47.04   1.98
23       5.2     4.52    -2.23   46.69   1.97
24       5.4     4.57    -2.21   47.25   1.96
25       5.7     4.63    -2.15   48.79   1.96
26       5.9     4.74    -2.10   49.78   1.94
27       6.2     1.54    -2.09   51.08   1.93
28       6.4     4.92    -2.11   49.71   1.92
29       6.7     4.91    -2.15   48.56   1.92
30       6.9     4.89    -2.21   47.23   1.94
31       7.2     0.49    -2.26   170.30  1.95
32       7.4     0.59    -2.30   148.09  1.94
33       7.7     2.56    -2.31   47.12   1.94
34       7.9     2.60    -2.28   47.48   1.95
35       8.2     4.65    -2.27   45.91   1.96
36       8.4     4.96    -2.21   47.13   1.99
37       8.7     4.89    -2.18   48.04   2.01
38       8.9     4.88    -2.07   50.00   2.04
39       9.2     4.93    -1.98   50.00   2.05
40       9.4     4.80    -1.94   50.00   2.05
41       9.7     4.90    -1.93   50.00   2.03
42       9.9     2.99    -2.08   50.34   2.01
43       10.2    3.12    -2.05   51.36   1.98
44       10.4    3.23    -2.11   49.76   1.94
45       10.7    3.34    -2.20   47.84   1.91
46       10.9    3.61    -2.24   46.41   1.90
47       11.2    3.59    -2.26   46.15   1.91
48       11.4    3.35    -2.23   47.15   1.93
49       11.7    3.34    -2.17   48.36   1.95
50       11.9    3.50    -2.12   49.51   1.98
51       12.2    3.51    -2.10   49.92   1.97
52       12.4    3.61    -2.11   49.59   1.93
53       12.7    3.72    -2.17   48.17   1.88
54       12.9    3.89    -2.26   46.05   1.81
55       13.2    4.10    -2.38   43.17   1.72
56       13.4    4.16    -2.48   40.86   1.65
57       13.7    1.20    -2.55   49.98   1.62
58       13.9    1.23    -2.58   49.87   1.62
59       14.2    1.25    -2.58   49.75   1.71
60       14.4    4.25    -2.54   39.25   1.89
Time to reach the goal = 14.450000
