1        0.0     0.00    0.00    1000.00         0.00
2        0.2     4.38    0.42    50.00   1.07
3        0.3     2.02    -2.82   44.09   1.53
4        0.5     2.04    -2.80   44.09   1.53
5        0.8     2.05    -2.76   44.38   1.53
6        1.0     2.11    -2.70   44.48   1.53
7        1.3     2.20    -2.72   43.81   1.52
8        1.5     2.28    -2.79   42.51   1.52
9        1.8     2.31    -2.83   41.85   1.52
10       2.1     2.31    -2.84   41.77   1.53
11       2.3     2.33    -2.79   42.16   1.54
12       2.6     2.05    -2.73   44.63   1.56
13       2.8     1.91    -2.64   46.15   1.56
14       3.2     1.91    -2.61   46.35   1.56
15       3.4     1.97    -2.63   45.91   1.56
16       3.7     2.10    -2.68   44.79   1.55
17       3.9     2.16    -2.73   43.91   1.55
18       4.2     2.13    -2.74   44.04   1.55
19       4.4     2.00    -2.69   45.24   1.56
20       4.7     1.83    -2.65   46.49   1.57
21       4.9     1.42    -2.58   48.92   1.59
22       5.3     1.39    -2.47   49.30   1.61
23       5.6     1.27    -2.34   49.83   1.63
24       5.8     1.25    -2.19   49.96   1.63
25       6.1     1.30    -2.14   49.96   1.63
26       6.4     1.40    -2.09   50.78   1.61
27       6.7     1.48    -2.15   49.85   1.59
28       6.9     1.79    -2.32   48.66   1.57
29       7.2     2.79    -2.78   39.22   1.51
30       7.4     3.14    3.05    31.61   1.47
31       7.7     2.10    2.62    45.25   1.44
32       8.0     2.00    2.36    47.84   1.42
33       8.3     2.86    2.23    47.80   1.41
34       8.5     2.73    2.22    48.06   1.41
35       8.8     2.67    2.31    46.90   1.40
36       9.0     2.77    2.45    44.44   1.39
37       9.3     2.85    2.63    41.14   1.39
38       9.5     3.31    2.80    35.16   1.38
39       9.8     3.27    2.93    32.75   1.39
40       10.0    3.16    3.02    31.88   1.40
41       10.3    2.04    3.09    41.61   1.42
42       10.5    1.77    3.08    44.42   1.44
43       10.8    1.62    3.06    45.96   1.46
44       11.0    1.48    3.01    47.40   1.48
45       11.3    1.37    2.98    48.47   1.51
46       11.5    1.37    2.97    48.48   1.53
47       11.8    2.24    3.04    40.24   1.56
48       12.0    2.94    -3.10   32.54   1.56
49       12.3    2.44    -2.95   39.52   1.56
50       12.5    2.19    -2.79   43.15   1.55
51       12.8    2.11    -2.67   44.73   1.54
52       13.0    1.37    -2.59   49.16   1.53
53       13.3    2.25    -2.56   45.14   1.51
54       13.6    2.35    -2.59   44.29   1.49
55       13.9    2.42    -2.61   43.77   1.48
56       14.1    2.38    -2.59   44.22   1.48
57       14.4    2.30    -2.57   44.79   1.48
58       14.6    2.20    -2.58   45.12   1.50
59       14.9    2.09    -2.66   44.96   1.54
60       15.2    2.13    -2.75   43.92   1.56
61       15.5    2.15    -2.86   42.78   1.57
62       15.8    2.05    -2.89   43.24   1.60
63       16.0    1.85    -2.89   44.80   1.63
64       16.3    1.60    -2.86   46.95   1.66
65       16.6    1.46    -2.82   48.12   1.68
66       16.9    1.46    -2.84   48.09   1.70
67       17.1    1.56    -2.89   47.18   1.70
68       17.4    1.71    -2.94   45.68   1.69
69       17.7    1.91    -2.95   43.90   1.67
70       18.0    2.14    -2.96   41.87   1.64
71       18.3    2.17    -2.97   41.56   1.63
72       18.5    2.01    -2.95   43.11   1.64
73       18.8    1.77    -2.87   45.60   1.66
74       19.0    1.49    -2.78   48.01   1.70
75       19.4    1.20    -2.63   50.00   1.75
76       19.6    1.08    -2.49   64.25   1.78
77       19.9    1.10    -2.43   63.46   1.79
78       20.1    1.15    -2.41   56.80   1.77
79       20.4    1.26    -2.42   49.79   1.75
80       20.6    1.39    -2.46   49.32   1.72
81       20.9    1.61    -2.57   48.06   1.67
82       21.2    1.90    -2.71   45.74   1.62
83       21.5    2.14    -2.83   43.14   1.58
84       21.8    2.18    -2.89   42.30   1.61
85       22.1    2.04    -2.89   43.37   1.70
86       22.4    1.75    -2.85   45.83   1.83
87       22.7    1.49    -2.78   48.01   1.99
88       23.0    1.25    -2.67   49.72   2.15
89       23.2    1.04    -2.53   68.86   2.37
90       23.5    0.87    -2.37   98.30   2.59
91       23.7    0.78    -2.19   126.26  2.85
92       24.0    0.74    -2.09   141.55  3.10
93       24.4    2.18    -1.60   91.76   -2.94
94       24.6    2.11    -1.20   129.26  -2.72
95       25.0    1.98    -0.84   150.94  -2.49
96       25.3    1.86    -0.50   158.69  -2.36
97       25.5    2.60    -0.29   112.42  -2.28
98       25.8    2.19    -0.12   138.38  -2.25
99       26.0    1.62    0.03    173.69  -2.33
100      26.3    1.63    0.11    173.43  -2.53
Time to reach the goal = 26.250000
