1        0.0     0.00    0.00    1000.00         0.00
2        0.2     4.33    0.42    50.00   1.07
3        0.3     2.00    -2.83   44.12   1.53
4        0.5     2.02    -2.81   44.11   1.53
5        0.7     2.03    -2.78   44.31   1.53
6        0.9     2.08    -2.73   44.47   1.53
7        1.2     2.17    -2.65   44.58   1.52
8        1.5     2.24    -2.65   44.23   1.52
9        1.7     2.31    -2.66   43.71   1.52
10       2.0     2.27    -2.65   44.12   1.53
11       2.2     2.12    -2.60   45.39   1.53
12       2.5     2.05    -2.54   46.22   1.54
13       2.7     2.06    -2.52   46.33   1.53
14       3.0     2.17    -2.54   45.72   1.52
15       3.2     2.32    -2.61   44.28   1.51
16       3.5     2.44    -2.66   43.03   1.51
17       3.7     2.50    -2.69   42.25   1.50
18       4.0     2.47    -2.72   42.14   1.51
19       4.2     2.38    -2.73   42.51   1.52
20       4.4     2.30    -2.77   42.67   1.54
21       4.7     2.23    -2.82   42.63   1.56
22       4.9     2.12    -2.88   42.80   1.58
23       5.2     1.95    -2.89   44.08   1.60
24       5.4     0.83    -2.87   68.81   1.63
25       5.7     1.42    -2.83   48.41   1.65
26       5.9     1.17    -2.73   52.17   1.67
27       6.2     1.03    -2.65   65.86   1.69
28       6.4     0.91    -2.57   81.32   1.70
29       6.7     0.78    -2.46   103.77          1.72
30       6.9     0.70    -2.31   129.33          1.74
31       7.2     0.58    -2.22   159.22          1.76
32       7.4     0.46    -2.23   179.12          1.78
33       7.7     0.32    -2.18   277.43          1.82
34       7.9     0.26    -2.14   320.93          1.84
35       8.2     0.28    -2.06   319.43          1.84
36       8.4     0.36    -2.08   262.72          1.83
37       8.7     0.46    -2.26   174.22          1.81
38       8.9     0.60    -2.23   153.72          1.79
39       9.2     0.76    -2.19   129.95          1.76
40       9.4     0.91    -2.21   102.24          1.73
41       9.7     1.08    -2.30   69.55   1.70
42       9.9     1.28    -2.41   49.74   1.67
43       10.2    1.51    -2.56   48.56   1.64
44       10.4    1.85    -2.73   45.92   1.61
45       10.7    2.43    -2.91   39.93   1.58
46       10.9    3.33    -3.11   28.40   1.56
47       11.2    4.12    3.07    26.75   1.53
48       11.4    4.19    3.06    26.83   1.51
49       11.7    3.66    3.12    25.54   1.48
50       11.9    3.62    -3.09   26.17   1.45
51       12.2    3.40    -3.00   30.28   1.41
52       12.4    3.30    -2.93   32.56   1.37
53       12.7    3.34    -2.89   33.09   1.34
54       12.9    3.48    -2.89   31.98   1.30
55       13.2    3.74    -2.94   29.79   1.27
56       13.4    4.19    -3.00   28.32   1.24
57       13.7    4.56    -3.07   26.67   1.21
58       13.9    4.59    -3.09   26.19   1.21
59       14.2    4.30    -3.10   26.10   1.22
60       14.4    3.81    -3.04   27.34   1.25
61       14.7    3.24    -2.98   32.12   1.30
62       14.9    2.84    -2.89   37.07   1.34
63       15.3    2.72    -2.86   38.51   1.34
64       15.5    2.74    -2.86   38.26   1.33
65       15.8    2.89    -2.90   36.55   1.29
66       16.0    3.12    -2.96   33.38   1.23
67       16.3    3.22    -3.01   31.50   1.21
68       16.5    3.14    -3.02   32.10   1.21
69       16.8    2.80    -3.00   35.59   1.30
70       17.0    2.41    -2.94   39.86   1.46
71       17.3    2.01    -2.84   44.00   1.73
Time to reach the goal = 17.299999
