1        0.0     0.00    0.00    1000.00         0.00
2        0.2     4.33    0.42    50.00   1.07
3        0.3     2.00    -2.83   44.12   1.53
4        0.5     2.02    -2.81   44.11   1.53
5        0.7     2.03    -2.78   44.31   1.53
6        0.9     2.08    -2.73   44.47   1.53
7        1.2     2.17    -2.65   44.58   1.52
8        1.5     2.25    -2.66   44.08   1.52
9        1.8     2.32    -2.67   43.54   1.52
10       2.0     1.47    -2.64   48.53   1.53
11       2.3     1.94    -2.58   46.42   1.53
12       2.5     2.02    -2.52   46.48   1.54
13       2.8     2.02    -2.51   46.61   1.54
14       3.0     2.12    -2.52   46.07   1.53
15       3.3     2.26    -2.58   44.88   1.52
16       3.5     2.49    -2.66   42.79   1.50
17       3.8     2.75    -2.77   39.54   1.50
18       4.1     2.70    -2.89   38.15   1.50
19       4.3     3.02    -2.96   34.42   1.51
20       4.6     2.91    -2.98   34.95   1.53
21       4.8     2.68    -2.98   37.00   1.54
22       5.1     2.36    -2.92   40.39   1.56
23       5.3     1.08    -2.85   56.88   1.59
24       5.6     1.69    -2.78   46.64   1.61
25       5.8     1.44    -2.74   48.42   1.64
26       6.1     1.22    -2.71   49.87   1.67
27       6.3     1.02    -2.63   67.45   1.69
28       6.6     0.81    -2.54   94.53   1.71
29       6.8     0.67    -2.40   125.12          1.74
30       7.1     0.53    -2.28   161.34          1.76
31       7.3     0.46    -2.22   179.95          1.78
32       7.6     0.50    -2.16   181.50          1.78
33       7.8     0.56    -2.20   164.70          1.77
34       8.1     0.70    -2.20   139.22          1.76
35       8.4     0.83    -2.25   113.33          1.74
36       8.6     0.98    -2.32   83.87   1.71
37       8.9     1.15    -2.34   56.93   1.68
38       9.1     1.33    -2.38   49.63   1.64
39       9.4     1.53    -2.44   48.86   1.61
40       9.6     1.74    -2.53   47.64   1.58
41       9.9     2.03    -2.66   45.31   1.56
42       10.1    2.47    -2.81   40.98   1.53
43       10.4    3.20    -3.01   31.78   1.51
44       10.6    4.46    3.11    25.84   1.48
45       10.9    3.33    2.97    31.37   1.44
46       11.1    3.50    2.88    32.03   1.40
47       11.4    4.41    2.84    32.23   1.36
48       11.6    4.57    2.80    33.05   1.31
49       11.9    4.73    2.82    32.68   1.27
50       12.1    4.90    2.88    31.35   1.22
51       12.4    4.35    2.95    29.49   1.19
52       12.6    4.48    3.04    27.32   1.16
53       12.9    4.63    3.09    26.16   1.14
54       13.1    4.78    3.09    26.13   1.13
55       13.4    4.93    3.05    27.26   1.10
56       13.6    4.89    3.03    27.64   1.08
57       13.9    4.88    3.02    27.85   1.10
58       14.1    4.88    3.07    26.67   1.12
59       14.4    4.57    3.14    -1.#J   1.16
60       14.6    3.96    -3.07   26.72   1.18
61       14.9    3.66    -3.02   27.92   1.20
62       15.1    3.59    -3.03   27.85   1.22
63       15.4    3.59    -3.07   26.75   1.29
64       15.6    3.50    -3.11   26.83   1.38
65       15.9    3.17    -3.11   30.04   1.47
66       16.1    2.60    -3.06   36.55   1.62
67       16.5    2.00    -2.97   43.07   1.77
68       16.8    1.26    -2.82   49.56   1.95
69       17.0    1.14    -2.64   55.85   2.14
70       17.4    0.92    -2.45   87.05   2.32
71       17.6    0.77    -2.25   124.05          2.48
72       17.9    0.69    -2.14   147.75          2.70
73       18.1    0.74    -2.13   138.05          2.87
74       18.4    0.91    -1.44   237.09          3.01
75       18.7    2.14    -1.20   127.79          3.12
76       19.0    1.97    -1.02   151.65          3.14
77       19.3    1.84    -0.93   159.86          3.10
78       19.5    1.72    -0.86   167.62          2.84
Time to reach the goal = 19.549999
