1        0.0     0.00    0.00    1000.00 0.00
2        0.1     7.23    0.81    50.00   0.77
3        0.3     2.30    -3.09   39.03   1.16
4        0.4     2.27    -3.10   39.21   1.16
5        0.6     2.28    -3.08   39.47   1.16
6        0.9     2.29    -3.06   39.55   1.15
7        1.1     2.44    -3.03   38.42   1.14
8        1.4     4.40    -3.01   28.19   1.14
9        1.8     4.30    -3.03   27.61   1.14
10       2.0     4.96    -3.03   27.56   1.14
11       2.3     2.08    -3.00   42.05   1.15
12       2.5     2.02    -2.99   42.64   1.16
13       2.8     1.99    -2.95   43.33   1.15
14       3.1     2.09    -3.01   41.83   1.15
15       3.5     2.21    3.10    39.91   1.13
16       3.8     2.22    3.13    39.46   1.13
17       4.1     2.29    3.03    39.78   1.13
18       4.3     2.26    3.06    39.85   1.14
19       4.7     2.27    -3.08   39.47   1.16
20       4.9     1.87    -3.05   43.57   1.17
21       5.2     3.96    -3.09   26.34   1.16
22       5.5     1.45    -3.06   47.61   1.15
23       5.8     2.33    3.09    38.79   1.14
24       6.0     2.46    3.09    37.56   1.13
25       6.3     2.68    3.03    36.16   1.10
26       6.6     2.84    3.04    34.53   1.07
27       6.8     3.09    3.06    31.95   1.03
28       7.2     3.73    2.94    29.73   1.00
29       7.4     1.29    2.88    49.30   0.98
30       7.7     1.51    2.71    48.11   0.94
31       8.1     1.82    2.75    45.96   0.90
32       8.3     1.44    2.80    48.33   0.87
33       8.6     1.64    2.83    46.76   0.88
34       8.9     1.84    2.83    45.33   0.90
35       9.1     4.44    2.83    32.51   0.91
36       9.4     4.48    2.83    32.33   0.90
37       9.6     4.53    2.86    31.81   0.89
38       9.9     4.04    2.88    31.27   0.90
39       10.1    3.20    3.02    31.56   0.90
40       10.4    2.83    3.06    34.38   0.88
41       10.7    2.97    2.90    35.75   0.87
42       10.9    3.60    2.94    29.81   0.85
43       11.3    3.77    2.87    31.57   0.82
44       11.5    3.90    2.74    34.47   0.81
45       11.9    3.92    2.78    33.58   0.83
46       12.1    2.62    2.81    39.84   0.85
47       12.4    1.21    2.99    49.93   0.88
48       12.6    4.82    3.03    27.64   0.90
49       12.9    4.89    3.09    26.28   0.89
50       13.3    4.56    3.00    28.38   0.87
51       13.5    4.71    3.06    26.99   0.83
52       13.8    4.19    0.00    50.00   0.76
53       14.1    3.89    -0.05   50.00   0.68
54       14.4    1.73    -0.12   167.04  0.65
55       14.6    3.34    -0.17   66.25   0.64
56       14.9    4.41    -0.20   50.00   0.67
57       15.2    3.87    -0.25   50.00   0.75
58       15.4    3.80    -0.28   50.00   0.89
59       15.8    4.26    -0.31   50.00   1.04
60       16.0    4.99    -0.37   50.00   1.28
61       16.4    3.10    -0.43   81.54   1.60
62       16.6    1.94    -0.52   153.65  1.93
63       17.0    1.54    -0.57   178.62  2.29
64       17.2    1.55    -0.33   178.14  2.57
65       17.5    3.13    -2.18   48.29   2.86
66       17.8    3.37    -2.06   50.45   3.12
67       18.1    3.98    -1.35   50.00   -2.91
68       18.4    4.10    -1.10   50.00   -2.76
69       18.6    4.92    -1.05   50.00   -2.64
70       19.0    3.47    -0.97   58.05   -2.60
71       19.3    3.30    -0.88   68.95   -2.70
Time to reach the goal = 19.250000
