1        0.0     0.00    0.00    1000.00 0.00
2        0.2     6.00    0.17    50.00   1.15
3        0.3     0.58    -2.84   85.14   1.95
4        0.5     0.56    -2.81   89.77   1.96
5        0.7     0.60    -2.76   93.25   1.96
6        0.9     0.82    -2.71   81.21   1.96
7        1.2     1.26    -2.66   49.69   1.97
8        1.5     2.13    -2.58   45.52   1.99
9        1.7     3.53    -2.52   40.13   2.00
10       2.0     3.58    -2.41   42.52   2.00
11       2.2     3.63    -2.31   44.80   2.00
12       2.5     1.28    -2.28   49.85   2.00
13       2.7     3.84    -2.30   45.06   2.00
14       3.0     3.86    -2.31   44.93   2.00
15       3.2     3.85    -2.26   45.97   2.01
16       3.5     3.81    -2.19   47.69   2.02
17       3.7     3.86    -2.11   49.70   2.03
18       4.0     3.98    -2.08   50.00   2.02
19       4.3     4.12    -2.10   49.78   2.01
20       4.6     4.27    -2.16   48.37   2.00
21       4.8     4.38    -2.27   45.84   1.99
22       5.1     4.52    -2.42   42.19   2.01
23       5.4     4.64    -2.52   39.78   2.03
24       5.7     4.70    -2.59   38.09   2.05
25       5.9     4.65    -2.62   37.47   2.08
26       6.2     4.51    -2.60   37.99   2.11
27       6.4     3.92    -2.56   38.78   2.14
28       6.7     4.04    -2.50   40.36   2.17
29       6.9     3.80    -2.53   39.71   2.21
30       7.2     3.63    -2.24   46.53   2.24
31       7.4     3.64    -2.08   50.00   2.27
32       7.7     3.72    -1.99   50.00   2.28
33       8.0     3.75    -1.95   50.00   2.30
34       8.4     3.65    -1.96   50.00   2.34
35       8.6     3.51    -2.02   50.39   2.38
36       8.9     3.44    -2.12   49.50   2.42
37       9.1     3.40    -2.11   49.74   2.45
38       9.4     3.38    -2.02   50.98   2.50
39       9.7     3.43    -2.02   50.80   2.54
40       9.9     3.52    -2.07   50.12   2.57
41       10.2    3.73    -1.72   50.00   2.60
42       10.4    3.98    -1.70   50.00   2.61
43       10.8    4.15    -1.95   50.00   2.61
44       11.0    4.28    -1.90   50.00   2.60
45       11.3    4.40    -1.86   50.00   2.59
46       11.6    4.56    -1.83   50.00   2.60
47       11.8    4.33    -1.81   50.00   2.61
48       12.1    4.70    -1.79   50.00   2.64
49       12.4    2.58    -1.75   71.00   2.66
50       12.6    2.69    -1.70   71.17   2.66
51       12.9    2.80    -1.66   70.80   2.64
52       13.1    2.95    -1.63   68.00   2.60
53       13.4    3.08    -1.85   57.65   2.57
54       13.8    3.16    -2.06   50.85   2.59
55       14.0    3.52    -2.05   50.23   2.63
56       14.3    4.92    -2.03   50.00   2.72
57       14.5    4.18    -1.51   50.00   2.83
58       14.8    3.32    -1.48   60.45   2.97
59       15.0    2.77    -1.31   88.79   3.08
60       15.3    1.35    -1.07   188.07  3.14
61       15.5    2.21    -1.00   137.02  -3.06
Time to reach the goal = 15.500000
