1        0.0     0.00    0.00    1000.00 0.00
2        0.1     7.23    0.81    50.00   0.77
3        0.3     2.30    -3.09   39.03   1.16
4        0.4     2.27    -3.10   39.21   1.16
5        0.6     2.28    -3.08   39.47   1.16
6        0.9     2.29    -3.06   39.55   1.15
7        1.1     2.44    -3.03   38.42   1.14
8        1.5     4.40    -3.01   28.19   1.14
9        1.8     4.30    -3.03   27.61   1.14
10       2.0     4.96    -3.03   27.56   1.14
11       2.3     2.08    -3.00   42.05   1.15
12       2.5     2.03    -2.99   42.62   1.15
13       2.8     2.02    -2.95   43.01   1.16
14       3.2     2.09    -3.01   41.83   1.15
15       3.5     2.21    3.10    39.91   1.13
16       3.7     2.25    3.13    39.18   1.13
17       4.0     2.27    3.03    40.07   1.13
18       4.2     2.25    3.05    39.96   1.14
19       4.6     2.28    3.08    39.46   1.15
20       4.8     1.84    -3.01   44.11   1.17
21       5.1     3.82    -2.96   29.36   1.18
22       5.3     3.89    -2.90   30.69   1.18
23       5.6     1.41    -3.01   48.12   1.17
24       5.8     1.51    -2.95   47.32   1.15
25       6.1     1.70    3.13    44.89   1.13
26       6.4     1.82    3.14    -1.#J   1.10
27       6.7     1.50    3.08    47.02   1.12
28       6.9     1.93    2.78    44.98   1.13
29       7.2     1.94    2.65    45.88   1.13
30       7.4     2.33    2.48    45.62   1.13
31       7.7     2.01    2.44    47.23   1.12
32       8.0     2.02    2.26    48.65   1.12
33       8.3     2.05    2.26    48.61   1.12
34       8.5     0.45    2.45    149.29  1.11
35       8.8     0.42    2.48    167.55  1.10
36       9.1     1.01    2.55    71.36   1.08
37       9.4     1.29    2.59    49.57   1.07
38       9.6     1.46    2.65    48.54   1.06
39       9.9     2.08    2.43    47.08   1.06
40       10.1    1.58    2.75    47.52   1.05
41       10.4    1.68    2.80    46.61   1.04
42       10.6    3.32    2.96    31.69   1.02
43       10.9    3.49    3.11    26.80   1.00
44       11.1    2.53    -3.02   37.81   0.97
45       11.4    2.71    -2.87   38.43   0.94
46       11.7    2.57    -2.80   40.41   0.90
47       12.0    2.72    -2.81   39.10   0.87
48       12.3    2.88    -2.79   38.38   0.84
49       12.6    3.07    -2.86   35.81   0.80
50       12.9    3.68    -2.97   29.07   0.76
51       13.1    4.69    -3.13   25.31   0.72
52       13.4    4.82    3.03    27.73   0.69
53       13.7    4.87    2.93    30.11   0.68
54       14.0    4.94    2.89    31.01   0.68
55       14.3    4.91    2.79    33.29   0.69
56       14.6    4.94    2.94    29.92   0.70
57       14.9    4.06    2.97    29.11   0.70
58       15.1    4.17    3.01    28.13   0.69
59       15.4    4.29    2.99    28.67   0.67
60       15.6    4.43    2.86    31.69   0.64
61       15.9    4.59    0.12    50.00   0.61
62       16.2    4.70    0.08    50.00   0.58
63       16.5    4.26    0.06    50.00   0.58
64       16.8    4.79    0.03    50.00   0.59
65       17.0    4.80    0.00    50.00   0.61
66       17.3    2.87    -0.01   95.76   0.65
67       17.6    1.46    -0.04   183.65  0.66
68       17.9    3.91    -0.06   50.00   0.66
69       18.1    4.00    -0.10   50.00   0.63
70       18.4    4.09    -0.15   50.00   0.58
71       18.6    4.20    -0.21   50.00   0.49
72       19.0    2.22    -0.28   136.16  0.37
73       19.3    2.40    -0.33   124.98  0.28
74       19.5    2.49    -0.40   119.39  0.23
75       19.9    2.54    -0.44   116.35  0.23
76       20.1    2.59    -0.48   113.40  0.31
77       20.4    3.12    -0.50   79.95   0.50
Time to reach the goal = 20.400000
