1        0.0     0.00    0.00    1000.00 0.00
2        0.1     5.50    0.79    50.00   0.77
3        0.3     4.51    -3.11   25.72   1.15
4        0.4     2.39    -3.12   37.84   1.15
5        0.6     2.33    -3.10   38.68   1.15
6        0.9     2.37    -3.08   38.57   1.14
7        1.1     2.44    -3.06   38.10   1.13
8        1.4     2.52    -3.02   37.91   1.12
9        1.7     2.70    -2.97   36.92   1.10
10       2.0     4.87    -2.82   32.68   1.07
11       2.3     4.92    -2.89   30.93   1.06
12       2.5     2.74    -2.92   37.39   1.06
13       2.8     4.84    -2.94   29.77   1.06
14       3.1     2.76    -2.93   37.08   1.06
15       3.3     2.75    -2.92   37.27   1.06
16       3.7     2.84    -2.97   35.68   1.05
17       4.0     2.95    -3.06   33.21   1.03
18       4.3     3.00    -3.13   31.44   1.02
19       4.6     3.00    3.13    31.41   1.02
20       4.8     2.97    -3.12   31.85   1.03
21       5.1     2.94    -3.06   33.22   1.04
22       5.4     2.99    -3.02   33.51   1.05
23       5.7     2.69    -3.03   36.15   1.04
24       5.9     2.79    3.10    34.08   1.02
25       6.2     3.41    -3.13   27.16   1.01
26       6.5     3.54    3.06    27.44   1.00
27       6.8     3.65    3.09    26.32   0.99
28       7.1     3.35    3.11    28.35   0.96
29       7.3     3.50    -3.13   26.25   0.94
30       7.6     3.69    3.11    25.66   0.91
31       7.9     4.20    3.01    28.20   0.90
32       8.1     4.17    2.90    30.84   0.91
33       8.4     1.31    2.70    49.34   0.93
34       8.7     1.23    2.73    49.83   0.96
35       8.9     4.05    2.75    34.35   0.99
36       9.2     3.99    2.77    33.94   1.02
37       9.4     3.51    2.79    33.95   1.03
38       9.7     2.14    2.98    41.72   1.04
39       9.9     1.48    3.00    47.47   1.04
40       10.2    1.57    3.05    46.48   1.03
41       10.4    1.29    3.10    49.13   1.01
42       10.7    1.40    -3.12   47.95   0.99
43       11.0    4.37    -3.05   27.16   0.95
44       11.3    4.55    -2.99   28.71   0.92
45       11.5    1.88    -3.10   43.27   0.88
46       11.8    2.04    2.93    43.06   0.84
47       12.0    2.66    2.97    37.26   0.80
48       12.3    2.77    2.84    38.30   0.79
49       12.6    2.31    2.89    41.23   0.80
50       12.8    1.44    2.92    48.04   0.81
51       13.1    0.98    2.95    57.92   0.83
52       13.4    4.61    3.00    28.44   0.84
53       13.6    4.69    3.05    27.25   0.82
54       13.9    4.84    0.01    50.00   0.79
55       14.2    4.26    -0.07   50.00   0.72
56       14.5    3.88    -0.12   50.00   0.68
57       14.8    3.92    -0.17   50.00   0.67
58       15.1    4.41    -0.22   50.00   0.68
59       15.4    3.91    -0.28   50.00   0.74
60       15.6    4.35    -0.31   50.00   0.85
61       15.9    2.93    -0.37   91.82   1.03
62       16.2    2.99    -0.46   88.13   1.27
63       16.5    2.16    -0.54   139.69  1.62
Time to reach the goal = 16.500000
