1        0.0     0.00    0.00    1000.00 0.00
2        0.1     6.02    0.17    50.00   1.16
3        0.3     0.55    -2.87   83.82   1.95
4        0.4     0.54    -2.84   88.61   1.96
5        0.6     0.57    -2.80   91.21   1.96
6        0.9     0.82    -2.74   78.85   1.96
7        1.1     1.30    -2.66   49.41   1.97
8        1.4     2.33    -2.61   44.16   1.99
9        1.6     3.55    -2.52   40.07   1.99
10       1.9     3.58    -2.41   42.46   2.00
11       2.2     3.66    -2.32   44.63   1.99
12       2.4     1.26    -2.28   49.89   1.99
13       2.7     3.90    -2.31   44.92   1.98
14       2.9     3.92    -2.30   45.15   1.99
15       3.2     3.89    -2.27   45.88   2.00
16       3.4     3.85    -2.18   47.84   2.01
17       3.7     3.87    -2.05   50.00   2.02
18       4.0     3.94    -1.95   50.00   2.03
19       4.2     4.09    -1.90   50.00   2.03
20       4.4     3.87    -1.88   50.00   2.01
21       4.7     4.00    -1.90   50.00   2.00
22       4.9     4.47    -1.95   50.00   1.98
23       5.2     4.53    -2.05   50.00   1.97
24       5.4     4.53    -2.17   48.30   1.97
25       5.7     4.57    -2.27   45.80   1.99
26       5.9     4.68    -2.34   44.15   1.99
27       6.2     1.33    -2.37   49.65   1.98
28       6.4     4.91    -2.37   43.50   1.96
29       6.7     5.00    -2.33   44.41   1.93
30       6.9     4.99    -2.29   45.28   1.91
31       7.2     5.00    -2.29   45.25   1.91
32       7.4     0.60    -2.33   143.50  1.89
33       7.7     0.87    -2.36   99.19   1.88
34       7.9     2.70    -2.33   46.42   1.90
35       8.3     2.68    -2.24   47.90   1.91
36       8.6     2.61    -2.17   48.95   1.94
37       8.9     4.91    -2.16   48.43   1.98
38       9.1     4.84    -2.12   49.29   2.01
39       9.4     4.78    -2.06   50.00   2.04
40       9.6     4.75    -2.00   50.00   2.07
41       9.9     4.74    -1.97   50.00   2.10
42       10.1    4.77    -1.99   50.00   2.11
43       10.4    4.85    -2.17   48.11   2.10
44       10.6    4.92    -2.06   50.00   2.09
45       10.9    4.98    -2.14   48.94   2.10
46       11.1    4.73    -2.12   49.32   2.11
47       11.4    2.69    -2.10   49.85   2.14
48       11.6    2.71    -2.07   51.36   2.15
49       11.9    4.93    -2.11   49.53   2.16
50       12.1    4.84    -2.10   49.81   2.21
51       12.4    4.77    -2.10   49.77   2.27
52       12.7    2.70    -2.10   49.97   2.32
53       12.9    3.24    -2.16   48.64   2.38
54       13.2    3.11    -2.05   51.36   2.44
55       13.4    3.01    -1.95   55.18   2.51
56       13.7    3.40    -1.66   55.14   2.58
57       13.9    4.78    -1.64   50.00   2.62
58       14.2    4.21    -1.60   50.00   2.64
59       14.4    3.96    -1.35   50.00   2.62
60       14.7    3.93    -1.32   50.00   2.55
61       14.9    4.07    -1.41   50.00   2.44
62       15.2    4.39    -1.39   50.00   2.30
63       15.4    4.93    -1.88   50.00   2.12
64       15.7    5.00    -1.84   50.00   1.90
65       15.9    4.55    -1.78   50.00   1.68
66       16.2    4.43    -1.92   50.00   1.44
67       16.5    4.88    -2.11   49.54   1.19
68       16.7    1.76    -2.34   48.64   0.98
69       17.0    1.92    -2.61   46.27   0.77
70       17.2    2.29    -2.91   41.14   0.66
71       17.5    4.27    3.10    26.08   0.62
72       17.7    3.62    2.82    32.68   0.66
73       18.0    3.58    2.57    38.60   0.74
74       18.2    3.78    2.43    42.07   0.83
75       18.5    3.77    2.39    42.84   0.92
76       18.7    3.54    2.45    41.81   0.98
77       19.0    3.49    2.58    38.95   1.13
Time to reach the goal = 18.950001
