1        0.0     0.00    0.00    1000.00         0.00
2        0.1     6.08    0.18    50.00   1.16
3        0.3     0.53    -2.89   82.51   1.96
4        0.5     0.54    -2.88   83.61   1.96
5        0.7     0.54    -2.84   88.50   1.96
6        0.9     0.50    -2.80   95.52   1.96
7        1.2     0.67    -2.74   90.88   1.98
8        1.5     0.98    -2.70   68.61   1.99
9        1.7     1.51    -2.64   48.31   2.01
10       2.0     2.56    -2.59   43.24   2.02
11       2.2     3.28    -2.52   41.12   2.04
12       2.5     3.28    -2.45   42.69   2.05
13       2.7     3.37    -2.33   44.81   2.04
14       3.0     3.50    -2.26   46.23   2.04
15       3.3     3.66    -2.31   44.88   2.03
16       3.5     3.76    -2.36   43.60   2.03
17       3.8     3.40    -2.37   44.03   2.04
18       4.0     3.76    -2.34   44.11   2.05
19       4.3     3.33    -2.28   46.16   2.06
20       4.5     3.72    -2.22   47.00   2.07
21       4.8     3.80    -2.19   47.66   2.07
22       5.1     3.85    -2.17   48.29   2.08
23       5.3     3.90    -2.11   49.62   2.08
24       5.6     0.74    -2.02   158.65  2.07
25       5.8     1.16    -1.92   83.43   2.04
26       6.1     4.44    -1.88   50.00   2.02
27       6.3     4.61    -1.88   50.00   2.00
28       6.6     4.75    -1.93   50.00   1.96
29       6.9     4.78    -2.00   50.00   1.95
30       7.2     4.76    -2.11   49.70   1.96
31       7.4     0.32    -2.20   273.68  1.98
32       7.7     4.83    -2.28   45.64   1.98
33       7.9     4.87    -2.30   45.11   1.98
34       8.2     2.34    -2.28   47.91   2.00
35       8.5     4.77    -2.22   47.03   2.02
36       8.8     4.71    -2.17   48.15   2.04
37       9.0     4.59    -2.17   48.22   2.08
38       9.3     1.99    -2.28   48.55   2.12
39       9.5     4.39    -2.32   44.66   2.16
40       9.8     4.29    -2.30   45.17   2.20
41       10.0    4.21    -2.27   45.81   2.24
42       10.3    4.16    -2.24   46.50   2.28
43       10.5    4.19    -2.20   47.58   2.31
44       10.8    4.31    -1.87   50.00   2.34
45       11.0    4.12    -1.83   50.00   2.35
46       11.3    4.64    -1.79   50.00   2.34
47       11.5    4.74    -1.79   50.00   2.33
48       11.8    4.85    -1.84   50.00   2.30
49       12.0    4.94    -2.15   48.74   2.27
50       12.3    2.53    -2.11   49.73   2.26
51       12.5    5.00    -2.14   49.02   2.27
52       12.8    2.58    -2.20   48.58   2.30
53       13.0    2.65    -2.22   48.15   2.31
54       13.3    4.82    -2.19   47.69   2.32
55       13.5    2.75    -2.16   48.91   2.36
56       13.8    2.74    -2.14   49.23   2.41
57       14.0    3.18    -1.89   55.05   2.44
58       14.3    4.98    -1.69   50.00   2.48
59       14.5    4.31    -1.68   50.00   2.51
60       14.8    3.65    -1.66   50.00   2.52
61       15.0    3.40    -1.64   55.28   2.53
62       15.3    3.38    -1.62   56.40   2.54
63       15.5    3.43    -1.61   54.95   2.53
64       15.8    3.56    -1.61   51.17   2.52
65       16.0    3.71    -1.61   50.00   2.53
66       16.3    4.02    -1.60   50.00   2.52
67       16.5    4.47    -1.60   50.00   2.51
68       16.8    4.79    -1.61   50.00   2.52
69       17.0    4.78    -1.62   50.00   2.53
70       17.3    4.53    -1.61   50.00   2.55
71       17.5    4.39    -1.50   50.00   2.56
72       17.8    4.49    -1.43   50.00   2.52
73       18.0    4.86    -1.46   50.00   2.46
74       18.3    3.91    -1.95   50.00   2.37
75       18.5    4.05    -1.90   50.00   2.23
76       18.8    3.91    -1.85   50.00   2.08
77       19.0    4.09    -1.98   50.00   1.89
78       19.3    4.12    -2.18   47.92   1.68
79       19.5    1.44    -2.47   49.11   1.39
80       19.8    1.61    -2.73   47.40   1.11
81       20.0    2.16    -3.00   41.35   0.83
82       20.3    4.36    2.97    29.16   0.64
83       20.5    3.68    2.63    37.10   0.66
84       20.8    1.56    2.34    49.11   0.76
Time to reach the goal = 20.799999
