1        0.0     0.00    0.00    1000.00         0.00
2        0.2     4.29    0.42    50.00   1.07
3        0.3     2.01    -2.86   43.83   1.53
4        0.5     2.01    -2.86   43.82   1.53
5        0.7     2.03    -2.83   43.92   1.53
6        0.9     2.06    -2.78   44.14   1.53
7        1.2     2.15    -2.71   44.18   1.52
8        1.5     2.28    -2.63   44.30   1.51
9        1.7     2.46    -2.53   44.53   1.49
10       2.0     2.59    -2.59   43.13   1.48
11       2.2     2.67    -2.64   42.08   1.48
12       2.5     2.73    -2.65   41.47   1.48
13       2.8     2.62    -2.63   42.47   1.48
14       3.0     2.50    -2.60   43.54   1.49
15       3.3     2.49    -2.57   43.92   1.49
16       3.5     2.55    -2.60   43.25   1.48
17       3.8     2.73    -2.63   41.83   1.47
18       4.0     2.90    -2.73   39.33   1.47
19       4.3     3.10    -2.84   35.88   1.47
20       4.5     2.36    -2.98   39.83   1.49
21       4.8     2.32    -3.11   38.73   1.51
22       5.0     2.30    3.10    39.04   1.53
23       5.3     2.26    3.05    39.88   1.55
24       5.5     3.07    3.05    32.23   1.57
25       5.8     2.93    3.09    32.84   1.60
26       6.0     2.25    -3.13   39.19   1.63
27       6.3     0.66    -3.01   63.28   1.65
28       6.5     1.23    -2.88   49.76   1.68
29       6.8     0.90    -2.72   73.84   1.71
30       7.0     0.65    -2.53   113.60          1.73
31       7.3     0.56    -2.35   146.99          1.75
32       7.5     0.56    -2.24   159.81          1.75
33       7.8     0.62    -2.17   157.55          1.75
34       8.0     0.72    -2.06   153.25          1.73
35       8.3     0.76    -2.07   143.26          1.72
36       8.5     0.82    -2.18   119.88          1.72
37       8.8     0.92    -2.15   103.16          1.70
38       9.0     1.06    -2.17   75.64   1.68
39       9.3     1.19    -2.22   52.06   1.66
40       9.5     1.36    -2.30   49.66   1.63
41       9.8     1.57    -2.42   48.80   1.60
42       10.0    1.83    -2.56   47.05   1.58
43       10.3    2.33    -2.77   42.38   1.54
44       10.6    3.07    -2.98   33.61   1.52
45       10.8    3.90    3.14    -1.#J   1.50
46       11.1    4.19    3.09    26.12   1.48
47       11.3    4.11    3.13    25.29   1.47
48       11.6    3.88    -3.10   25.94   1.44
49       11.8    3.62    -3.02   28.00   1.41
50       12.1    3.48    -2.93   31.04   1.37
51       12.3    3.48    -2.88   32.16   1.34
52       12.6    3.58    -2.88   31.41   1.31
53       12.8    3.66    -2.88   31.27   1.28
54       13.1    3.67    -2.83   32.51   1.22
55       13.4    3.64    -2.75   34.42   1.17
56       13.6    3.64    -2.66   36.39   1.12
57       13.9    3.63    -2.63   37.10   1.09
58       14.2    3.60    -2.63   37.30   1.10
59       14.5    3.58    -2.69   35.90   1.13
60       14.8    3.65    -2.79   33.32   1.17
61       15.0    3.71    -2.86   31.82   1.21
62       15.3    3.59    -2.91   30.52   1.26
63       15.6    3.28    -2.90   33.32   1.30
64       15.9    2.94    -2.85   36.87   1.34
65       16.1    2.56    -2.78   40.75   1.39
66       16.4    2.31    -2.70   43.37   1.42
67       16.6    2.27    -2.66   43.95   1.42
68       16.9    2.33    -2.67   43.54   1.40
69       17.2    2.52    -2.73   41.62   1.34
70       17.5    2.86    -2.84   37.70   1.28
71       17.8    3.02    -2.95   34.48   1.21
72       18.0    3.71    -3.03   27.64   1.16
73       18.3    3.86    -3.12   25.58   1.16
74       18.5    3.71    -3.13   25.27   1.20
75       18.8    3.29    -3.10   29.10   1.31
76       19.0    2.76    -3.05   35.08   1.45
77       19.3    2.24    -2.96   41.02   1.72
78       19.5    1.78    -2.84   45.68   2.05
Time to reach the goal = 19.549999
