1        0.0     0.00    0.00    1000.00 0.00
2        0.1     6.02    0.17    50.00   1.16
3        0.3     0.55    -2.87   83.82   1.95
4        0.4     0.54    -2.84   88.61   1.96
5        0.6     0.57    -2.80   91.21   1.96
6        0.9     0.82    -2.74   78.85   1.96
7        1.1     1.30    -2.66   49.41   1.97
8        1.4     2.33    -2.61   44.16   1.99
9        1.6     3.55    -2.52   40.07   1.99
10       1.9     3.58    -2.41   42.46   2.00
11       2.2     3.66    -2.32   44.63   1.99
12       2.4     1.26    -2.28   49.89   1.99
13       2.7     3.90    -2.31   44.92   1.98
14       2.9     3.92    -2.30   45.15   1.99
15       3.2     3.89    -2.27   45.88   2.00
16       3.4     3.85    -2.18   47.84   2.01
17       3.7     3.84    -2.07   50.00   2.02
18       3.9     3.91    -1.97   50.00   2.03
19       4.2     4.06    -1.91   50.00   2.03
20       4.4     3.83    -1.89   50.00   2.02
21       4.7     3.99    -1.89   50.00   2.00
22       4.9     4.44    -1.95   50.00   1.98
23       5.2     4.59    -2.00   50.00   1.96
24       5.4     4.75    -2.01   50.00   1.93
25       5.7     4.82    -2.01   50.00   1.91
26       5.9     4.88    -2.05   50.00   1.90
27       6.2     4.98    -2.14   48.92   1.88
28       6.4     2.62    -2.24   47.89   1.88
29       6.7     4.80    -2.34   44.01   1.88
30       6.9     4.92    -2.41   42.50   1.88
31       7.2     4.93    -2.43   41.91   1.87
32       7.4     0.63    -2.42   128.54  1.88
33       7.7     0.77    -2.37   113.96  1.90
34       7.9     2.61    -2.29   47.24   1.92
35       8.1     4.66    -2.22   47.11   1.94
36       8.4     4.87    -2.17   48.19   1.98
37       8.7     1.14    -2.17   60.58   2.02
38       9.0     4.59    -2.22   46.94   2.07
39       9.3     4.48    -2.29   45.24   2.12
40       9.6     1.90    -2.32   48.42   2.15
41       9.8     3.93    -2.32   44.58   2.19
42       10.1    4.22    -2.28   45.46   2.23
43       10.3    4.19    -2.25   46.39   2.26
44       10.6    4.25    -1.94   50.00   2.30
45       10.8    4.40    -1.89   50.00   2.30
46       11.1    4.55    -2.03   50.00   2.30
47       11.3    4.63    -1.95   50.00   2.28
48       11.6    4.75    -2.02   50.00   2.26
49       11.8    4.85    -2.18   47.97   2.25
50       12.1    2.47    -2.15   49.28   2.26
51       12.4    4.95    -2.13   49.12   2.29
52       12.6    4.65    -2.12   49.38   2.33
53       12.9    3.68    -2.17   48.11   2.38
54       13.2    4.94    -2.17   48.26   2.45
55       13.4    4.83    -1.76   50.00   2.52
56       13.7    2.83    -1.72   67.30   2.61
57       13.9    4.90    -1.71   50.00   2.68
58       14.2    3.11    -1.70   61.62   2.76
59       14.4    3.92    -1.68   50.00   2.82
60       14.7    3.58    -1.63   50.61   2.84
61       14.9    3.45    -1.60   54.29   2.82
62       15.2    3.50    -1.33   54.70   2.78
63       15.4    3.69    -1.33   50.00   2.70
64       15.7    4.08    -1.40   50.00   2.58
65       15.9    4.78    -1.90   50.00   2.43
66       16.2    4.14    -1.85   50.00   2.21
67       16.5    4.32    -1.81   50.00   1.96
68       16.7    4.23    -1.97   50.00   1.64
69       17.0    4.36    -2.19   47.79   1.30
70       17.2    1.71    -2.43   48.32   0.96
71       17.5    1.86    -2.70   46.00   0.66
72       17.7    2.35    -2.97   39.95   0.48
73       18.0    4.42    2.98    28.81   0.46
74       18.2    3.71    2.64    36.87   0.58
75       18.5    1.56    2.36    49.07   0.76
Time to reach the goal = 18.450001
