1        0.0     0.00    0.00    1000.00         0.00
2        0.2     5.42    0.76    50.00   0.77
3        0.3     2.35    -3.11   38.41   1.16
4        0.5     2.33    -3.12   38.53   1.15
5        0.7     2.31    -3.09   39.05   1.15
6        0.9     2.36    -3.07   38.69   1.14
7        1.2     2.42    -3.04   38.51   1.13
8        1.5     2.54    -3.00   37.92   1.11
9        1.8     2.68    -2.94   37.54   1.09
10       2.0     4.91    -2.79   33.48   1.07
11       2.4     4.96    -2.88   31.31   1.05
12       2.7     4.93    -2.89   30.98   1.05
13       3.0     4.89    -2.91   30.59   1.05
14       3.2     2.77    -2.88   37.62   1.05
15       3.5     2.86    -2.86   37.37   1.05
16       3.7     2.90    -2.88   36.64   1.04
17       4.0     2.97    -2.94   35.06   1.03
18       4.3     3.12    -3.06   31.56   1.01
19       4.6     3.18    3.14    29.42   1.00
20       4.8     3.16    3.10    30.34   1.00
21       5.2     3.15    3.12    29.97   1.01
22       5.5     3.14    -3.09   30.84   1.02
23       5.8     3.18    -3.05   31.15   1.02
24       6.1     2.91    3.10    32.86   1.01
25       6.4     3.49    -3.10   26.95   0.99
26       6.7     3.66    3.07    26.71   0.97
27       7.0     3.86    3.10    26.04   0.94
28       7.3     4.00    3.11    25.75   0.91
29       7.5     4.12    3.13    25.29   0.89
30       7.8     1.79    3.03    44.51   0.88
31       8.1     1.96    3.01    43.09   0.88
32       8.4     2.09    2.94    42.50   0.87
33       8.7     2.36    2.93    40.37   0.85
34       9.1     2.86    2.97    35.46   0.81
35       9.4     2.30    3.01    40.03   0.80
36       9.6     2.55    3.06    37.02   0.77
37       9.9     2.90    3.09    33.21   0.77
38       10.2    4.84    3.07    26.79   0.77
39       10.6    3.67    3.00    28.40   0.75
40       10.9    3.75    2.88    31.18   0.72
41       11.1    3.89    2.79    33.49   0.71
42       11.4    4.52    2.73    34.70   0.72
43       11.8    4.49    2.76    34.10   0.73
44       12.1    4.68    2.78    33.61   0.75
45       12.4    4.71    2.81    32.80   0.77
46       12.6    3.87    2.85    31.85   0.77
47       12.9    3.99    2.91    30.43   0.76
48       13.2    4.12    2.80    33.13   0.74
49       13.4    4.28    0.19    50.00   0.71
50       13.7    4.36    0.16    50.00   0.70
51       13.9    3.92    0.13    50.00   0.70
52       14.2    4.46    0.11    50.00   0.71
53       14.4    4.48    0.10    50.00   0.75
54       14.7    2.56    0.08    114.90  0.79
55       14.9    4.64    0.06    50.00   0.82
56       15.2    4.64    0.05    50.00   0.85
57       15.4    4.67    0.03    50.00   0.87
58       15.7    4.79    -0.02   50.00   0.84
59       15.9    4.91    -0.07   50.00   0.80
60       16.2    4.32    -0.13   50.00   0.74
61       16.5    4.45    -0.18   50.00   0.66
62       16.7    4.12    -0.25   50.00   0.55
63       17.0    4.28    -0.32   50.00   0.40
64       17.3    2.44    -0.38   122.43  0.32
65       17.5    2.54    -0.43   116.13  0.27
66       17.8    2.58    -0.48   113.71  0.31
67       18.0    3.15    -0.52   78.21   0.42
Time to reach the goal = 18.000000
