1        0.0     0.00    0.00    1000.00         0.00
2        0.1     5.44    0.77    50.00   0.77
3        0.3     4.47    -3.11   25.71   1.16
4        0.4     2.33    -3.12   38.45   1.15
5        0.6     2.37    -3.10   38.33   1.15
6        0.9     2.35    -3.08   38.74   1.15
7        1.1     2.42    -3.04   38.45   1.13
8        1.4     2.52    -3.02   37.91   1.12
9        1.7     2.66    -2.98   37.14   1.10
10       2.0     4.88    -2.83   32.33   1.08
11       2.3     4.96    -2.87   31.37   1.06
12       2.5     2.88    -3.00   34.82   1.04
13       2.8     2.85    -3.11   33.37   1.04
14       3.2     4.90    3.13    25.33   1.04
15       3.5     4.78    3.13    25.21   1.05
16       3.8     2.73    -3.10   34.75   1.06
17       4.1     2.68    -3.05   36.01   1.06
18       4.3     2.71    -3.04   35.82   1.06
19       4.7     2.81    -3.07   34.32   1.05
20       4.9     2.96    3.12    32.02   1.04
21       5.2     3.00    3.06    32.80   1.03
22       5.5     3.02    3.00    33.59   1.04
23       5.8     3.00    3.02    33.46   1.05
24       6.1     3.06    3.04    32.58   1.05
25       6.3     2.73    -3.03   35.72   1.04
26       6.6     2.24    -2.98   40.86   1.02
27       6.9     2.38    -2.92   40.25   0.99
28       7.3     0.92    -2.99   58.14   0.97
29       7.5     0.85    -3.01   59.02   0.94
30       7.8     3.64    -3.08   26.40   0.91
31       8.1     1.65    3.08    45.54   0.88
32       8.3     4.47    2.96    29.35   0.85
33       8.6     2.00    2.88    43.67   0.82
34       8.9     2.96    2.84    36.88   0.78
35       9.1     3.16    2.84    35.41   0.74
36       9.4     2.83    2.88    37.20   0.70
37       9.6     3.39    2.91    32.13   0.66
38       9.9     4.11    2.90    30.76   0.62
39       10.2    4.31    2.83    32.38   0.58
40       10.5    4.60    2.74    34.70   0.55
41       10.8    4.42    2.65    36.66   0.53
42       11.0    4.62    -0.14   50.00   0.53
43       11.4    3.13    -0.15   79.61   0.54
44       11.6    4.15    0.12    50.00   0.55
45       11.9    4.14    0.11    50.00   0.57
46       12.1    4.64    0.10    50.00   0.57
47       12.4    4.20    0.09    50.00   0.57
48       12.7    4.29    0.06    50.00   0.54
49       12.9    4.43    0.03    50.00   0.51
50       13.3    3.78    -0.00   50.00   0.48
51       13.6    3.81    -0.05   50.00   0.45
52       13.8    3.81    -0.07   50.00   0.46
53       14.1    3.78    -0.10   50.00   0.50
54       14.4    3.71    -0.11   50.00   0.55
55       14.8    3.69    -0.11   50.00   0.61
56       15.0    3.96    -0.14   50.00   0.64
57       15.3    4.43    -0.17   50.00   0.64
58       15.6    4.06    -0.22   50.00   0.59
59       15.9    4.19    -0.29   50.00   0.50
60       16.2    4.29    -0.36   50.00   0.37
61       16.5    4.09    -0.44   50.00   0.17
62       16.8    2.81    -0.51   99.28   -0.09
63       17.1    3.58    -0.59   51.38   -0.40
64       17.5    3.75    -0.65   50.00   -0.79
65       17.8    4.81    -0.72   50.00   -1.16
66       18.0    4.87    -0.79   50.00   -1.54
67       18.4    4.09    -0.85   50.00   -1.87
68       18.6    3.63    -0.89   50.00   -2.13
69       18.9    3.59    -0.92   50.72   -2.42
70       19.2    3.52    -0.92   55.31   -2.70
71       19.5    3.83    -0.86   50.00   -2.99
72       19.8    3.69    -1.17   50.00   3.05
73       20.0    3.48    -1.90   51.46   2.76
74       20.3    2.93    -1.90   57.64   2.60
75       20.6    2.92    -2.07   51.04   2.58
76       20.9    2.97    -2.21   47.98   2.73
77       21.2    2.98    -2.26   47.04   2.90
Time to reach the goal = 21.200001
