1        0.0     0.00    0.00    1000.00 0.00
2        0.2     4.33    0.42    50.00   1.07
3        0.3     2.00    -2.83   44.12   1.53
4        0.5     2.02    -2.81   44.11   1.53
5        0.7     2.03    -2.78   44.31   1.53
6        0.9     2.08    -2.73   44.47   1.53
7        1.2     2.17    -2.65   44.58   1.52
8        1.5     2.24    -2.65   44.23   1.52
9        1.7     2.31    -2.66   43.71   1.52
10       2.0     2.27    -2.65   44.12   1.53
11       2.2     2.12    -2.60   45.39   1.53
12       2.5     2.05    -2.54   46.22   1.54
13       2.7     2.06    -2.52   46.33   1.53
14       3.0     2.17    -2.54   45.72   1.52
15       3.2     2.32    -2.61   44.28   1.51
16       3.5     2.44    -2.66   43.03   1.51
17       3.7     2.50    -2.69   42.25   1.50
18       4.0     2.47    -2.72   42.14   1.51
19       4.2     2.38    -2.73   42.51   1.52
20       4.4     2.28    -2.77   42.77   1.54
21       4.7     2.16    -2.79   43.37   1.56
22       4.9     1.99    -2.79   44.52   1.58
23       5.2     0.97    -2.76   66.96   1.60
24       5.4     1.34    -2.69   49.15   1.62
25       5.7     1.32    -2.59   49.43   1.64
26       5.9     1.19    -2.51   50.93   1.65
27       6.2     1.19    -2.45   51.42   1.66
28       6.4     1.23    -2.44   49.91   1.65
29       6.7     1.26    -2.42   49.81   1.65
30       6.9     1.21    -2.41   49.95   1.65
31       7.2     1.13    -2.43   59.26   1.67
32       7.4     1.04    -2.44   71.78   1.69
33       7.7     0.95    -2.41   85.07   1.71
34       7.9     0.92    -2.40   89.73   1.72
35       8.2     0.95    -2.43   84.35   1.72
36       8.4     1.04    -2.44   71.65   1.71
37       8.7     1.16    -2.43   54.92   1.69
38       8.9     1.23    -2.38   49.92   1.67
39       9.2     1.31    -2.33   49.73   1.65
40       9.4     1.41    -2.32   49.52   1.63
41       9.7     1.53    -2.36   49.15   1.61
42       9.9     1.68    -2.41   48.47   1.58
43       10.2    1.91    -2.50   47.14   1.54
44       10.4    2.20    -2.63   44.70   1.50
45       10.7    2.56    -2.76   41.00   1.47
46       10.9    2.89    -2.88   36.84   1.44
47       11.2    3.07    -2.95   34.02   1.44
48       11.4    3.08    -2.98   33.40   1.45
49       11.7    2.90    -2.98   35.08   1.47
50       11.9    2.58    -2.94   38.43   1.51
51       12.2    2.21    -2.87   42.23   1.56
52       12.4    1.87    -2.75   45.62   1.60
53       12.7    1.67    -2.66   47.37   1.64
54       12.9    1.59    -2.59   48.04   1.66
55       13.2    1.59    -2.57   48.13   1.66
56       13.4    1.69    -2.58   47.61   1.63
57       13.7    1.81    -2.63   46.72   1.61
58       13.9    1.94    -2.69   45.61   1.57
59       14.3    1.95    -2.71   45.39   1.57
60       14.5    1.86    -2.69   46.10   1.60
61       14.8    1.53    -2.65   48.20   1.69
62       15.0    1.54    -2.56   48.43   1.77
63       15.3    1.38    -2.45   49.37   1.92
64       15.5    1.27    -2.30   49.86   2.13
65       15.8    1.18    -2.13   53.83   2.38
66       16.0    1.16    -2.03   68.46   2.71
Time to reach the goal = 16.000000
