1        0.0     0.00    0.00    1000.00 0.00
2        0.2     5.42    0.76    50.00   0.77
3        0.3     2.35    -3.11   38.41   1.16
4        0.5     2.31    -3.11   38.86   1.15
5        0.8     2.31    -3.09   38.97   1.15
6        1.0     2.35    -3.07   38.91   1.14
7        1.3     2.42    -3.04   38.51   1.13
8        1.5     2.54    -3.00   37.92   1.11
9        1.9     4.78    -2.92   30.18   1.09
10       2.2     2.84    -2.81   38.42   1.07
11       2.4     4.92    -2.92   30.24   1.06
12       2.7     2.75    -3.02   35.72   1.05
13       3.0     2.81    -3.06   34.58   1.05
14       3.3     4.75    -3.04   27.35   1.06
15       3.6     2.59    -2.98   37.82   1.07
16       3.9     2.59    -2.92   38.55   1.07
17       4.2     2.66    -2.91   38.08   1.07
18       4.5     2.80    -2.96   36.28   1.05
19       4.8     2.94    -3.06   33.35   1.04
20       5.1     3.06    3.14    30.75   1.03
21       5.4     3.09    3.10    31.02   1.03
22       5.7     3.05    3.11    31.33   1.03
23       5.9     3.09    3.04    32.14   1.04
24       6.2     2.71    -3.02   36.04   1.04
25       6.5     2.14    -2.98   41.64   1.03
26       6.8     2.29    -2.93   40.96   1.01
27       7.1     0.86    -3.01   58.64   0.99
28       7.4     0.82    -3.01   59.79   0.95
29       7.7     2.80    -3.05   34.81   0.93
30       7.9     1.59    3.12    46.06   0.89
31       8.3     4.48    3.05    27.14   0.85
32       8.6     2.09    3.03    41.74   0.81
33       8.8     2.37    3.06    38.77   0.77
34       9.1     2.86    3.12    33.12   0.74
35       9.3     3.95    -3.08   26.54   0.70
36       9.6     4.14    -3.00   28.40   0.67
37       9.9     4.32    -2.95   29.50   0.63
38       10.1    4.54    -2.96   29.36   0.58
39       10.4    4.75    -3.02   28.01   0.54
40       10.8    4.98    -3.12   25.49   0.50
41       11.0    4.12    3.01    28.18   0.45
42       11.4    4.28    2.82    32.75   0.41
43       11.6    4.33    2.66    36.54   0.38
44       11.9    3.91    2.57    38.68   0.37
45       12.1    3.88    -0.24   50.00   0.37
46       12.4    3.72    -0.25   50.00   0.39
47       12.7    3.59    -0.27   50.61   0.40
48       13.0    3.92    0.00    50.00   0.42
49       13.3    3.86    0.01    50.00   0.43
50       13.6    4.65    -0.01   50.00   0.42
51       13.9    4.00    -0.03   50.00   0.39
52       14.2    4.13    -0.07   50.00   0.35
53       14.4    3.70    -0.10   50.00   0.31
54       14.7    3.78    -0.13   50.00   0.28
55       15.0    2.81    -0.17   99.34   0.28
56       15.3    3.65    -0.19   50.00   0.30
57       15.6    4.18    -0.20   50.00   0.33
58       15.9    4.05    -0.20   50.00   0.39
59       16.1    4.08    -0.20   50.00   0.42
60       16.5    3.59    -0.24   50.83   0.42
61       16.8    2.22    -0.30   136.20  0.37
62       17.0    2.40    -0.35   124.95  0.28
63       17.3    2.57    -0.41   114.60  0.17
64       17.6    2.69    -0.47   106.59   0.05
65       17.9    2.86    -0.53   96.00   -0.09
66       18.2    2.89    -0.58   94.61   -0.13
Time to reach the goal = 18.200001
