1        0.0     0.00    0.00    1000.00 0.00
2        0.2     4.38    0.42    50.00   1.07
3        0.3     2.02    -2.82   44.09   1.53
4        0.5     2.04    -2.81   44.00   1.53
5        0.7     2.04    -2.78   44.26   1.53
6        0.9     2.10    -2.72   44.39   1.53
7        1.2     2.18    -2.65   44.54   1.52
8        1.5     2.25    -2.71   43.62   1.52
9        1.7     2.29    -2.73   43.13   1.52
10       2.0     2.34    -2.69   43.25   1.53
11       2.2     2.17    -2.65   44.65   1.53
12       2.5     2.08    -2.59   45.62   1.54
13       2.7     2.08    -2.58   45.78   1.54
14       3.0     2.17    -2.60   45.10   1.53
15       3.2     2.33    -2.67   43.57   1.52
16       3.5     2.44    -2.71   42.38   1.52
17       3.7     2.42    -2.73   42.34   1.52
18       4.0     2.30    -2.70   43.33   1.53
19       4.2     2.10    -2.66   44.94   1.54
20       4.4     1.92    -2.60   46.39   1.55
21       4.7     0.99    -2.58   72.01   1.57
22       4.9     1.62    -2.60   47.89   1.60
23       5.2     1.26    -2.62   49.71   1.62
24       5.4     1.28    -2.59   49.60   1.64
25       5.7     1.08    -2.53   63.78   1.67
26       6.0     0.95    -2.44   83.86   1.69
27       6.3     0.87    -2.35   100.39  1.70
28       6.5     0.83    -2.26   112.46  1.71
29       6.8     0.80    -2.16   124.71  1.72
30       7.0     0.76    -2.12   135.96  1.73
31       7.3     0.64    -2.11   159.32  1.75
32       7.5     0.55    -2.11   178.71  1.78
33       7.8     0.51    -2.08   192.81  1.79
34       8.0     0.55    -2.02   201.56  1.80
35       8.3     0.62    -2.04   180.36  1.78
36       8.5     0.74    -2.17   134.76  1.77
37       8.8     0.89    -2.24   103.82  1.74
38       9.0     1.06    -2.30   72.59   1.70
39       9.3     1.23    -2.32   49.93   1.67
40       9.5     1.35    -2.31   49.68   1.64
41       9.8     1.45    -2.30   49.49   1.62
42       10.0    1.58    -2.32   49.14   1.59
43       10.3    1.73    -2.38   48.49   1.56
44       10.5    1.96    -2.46   47.21   1.53
45       10.8    2.22    -2.60   44.90   1.49
46       11.0    2.63    -2.74   40.77   1.46
47       11.3    3.15    -2.89   34.47   1.42
48       11.5    3.77    -3.00   28.48   1.38
49       11.8    4.49    -3.07   26.64   1.32
50       12.1    4.94    -3.08   26.48   1.25
51       12.4    4.95    -3.06   26.88   1.19
52       12.7    4.84    -3.02   27.87   1.14
53       13.0    4.94    -3.00   28.38   1.09
54       13.3    4.95    -3.04   27.46   1.08
55       13.6    4.68    -3.11   25.72   1.09
56       13.9    4.57    3.04    27.32   1.14
57       14.2    4.50    2.92    30.27   1.19
58       14.5    4.42    2.86    31.69   1.25
59       14.8    4.36    2.83    32.36   1.31
60       15.1    4.31    2.87    31.40   1.39
61       15.4    4.46    2.98    28.89   1.47
62       15.7    3.27    3.11    29.07   1.54
63       16.0    2.19    -2.99   41.16   1.63
64       16.3    1.55    -2.77   47.63   1.70
65       16.6    1.28    -2.56   49.63   1.76
66       16.9    1.20    -2.42   49.99   1.79
67       17.2    1.23    -2.34   49.92   1.78
68       17.5    1.35    -2.31   49.68   1.74
69       17.8    1.48    -2.33   49.32   1.68
70       18.0    1.63    -2.40   48.70   1.61
71       18.3    1.83    -2.49   47.53   1.53
72       18.5    1.28    -2.60   49.59   1.42
73       18.8    2.48    -2.76   41.51   1.28
74       19.0    2.94    -2.91   35.85   1.17
75       19.3    3.37    -3.04   29.62   1.11
76       19.5    3.67    -3.12   25.54   1.07
77       19.8    3.72    3.13    25.25   1.11
Time to reach the goal = 19.799999
