1        0.0     0.00    0.00    1000.00 0.00
2        0.2     4.49    0.43    50.00   1.07
3        0.3     1.97    -2.85   44.15   1.53
4        0.5     1.98    -2.85   44.19   1.54
5        0.7     1.98    -2.81   44.51   1.54
6        0.9     1.98    -2.79   44.60   1.54
7        1.2     1.94    -2.78   44.99   1.54
8        1.5     1.93    -2.74   45.29   1.55
9        1.7     1.85    -2.70   46.10   1.57
10       2.0     1.75    -2.65   46.93   1.57
11       2.2     1.75    -2.58   47.30   1.57
12       2.5     1.82    -2.52   47.37   1.57
13       2.7     1.92    -2.57   46.58   1.56
14       3.0     2.12    -2.64   45.03   1.55
15       3.3     2.28    -2.72   43.25   1.54
16       3.5     2.27    -2.74   43.07   1.54
17       3.8     2.12    -2.73   44.20   1.55
18       4.1     1.93    -2.67   45.82   1.56
19       4.3     1.70    -2.56   47.66   1.58
20       4.6     0.84    -2.49   94.51   1.60
21       4.8     1.32    -2.45   49.60   1.62
22       5.2     1.12    -2.42   61.08   1.65
23       5.4     0.96    -2.37   86.08   1.68
24       5.8     0.86    -2.31   104.96  1.69
25       6.0     0.82    -2.28   112.09  1.70
26       6.3     0.88    -2.24   104.74  1.70
27       6.6     0.92    -2.22   99.31   1.69
28       6.8     0.94    -2.10   101.40  1.69
29       7.1     0.93    -2.05   113.51  1.70
30       7.3     0.85    -2.04   130.93  1.71
31       7.6     0.75    -2.02   157.20  1.74
32       7.8     0.70    -2.01   168.86  1.75
33       8.1     0.76    -2.18   131.03  1.75
34       8.4     0.86    -2.19   111.07  1.74
35       8.6     0.98    -2.30   86.02   1.72
36       8.9     1.14    -2.36   58.97   1.69
37       9.1     1.31    -2.38   49.68   1.65
38       9.4     1.49    -2.41   49.11   1.62
39       9.6     1.68    -2.47   48.19   1.58
40       9.9     1.91    -2.56   46.70   1.55
41       10.1    2.22    -2.69   43.96   1.52
42       10.4    2.69    -2.83   39.14   1.49
43       10.6    3.34    -2.98   31.16   1.46
44       10.9    4.08    -3.09   26.30   1.42
45       11.1    4.79    3.14    -1.#J   1.38
46       11.4    3.68    3.11    25.82   1.33
47       11.6    3.84    3.12    25.47   1.28
48       11.9    4.04    -3.12   25.58   1.23
49       12.1    4.96    -3.05   27.16   1.17
50       12.4    4.62    -2.97   29.07   1.14
51       12.6    4.65    -2.94   29.71   1.14
52       12.9    4.56    -2.94   29.84   1.16
53       13.1    4.44    -2.99   28.55   1.19
54       13.4    4.88    -3.06   27.02   1.23
55       13.6    4.93    -3.12   25.44   1.27
56       13.9    4.91    3.13    25.38   1.32
57       14.1    4.62    3.13    25.36   1.34
58       14.4    4.14    -3.10   26.02   1.36
59       14.6    3.51    -3.02   28.62   1.39
60       14.9    2.91    -2.91   36.02   1.42
61       15.1    2.59    -2.82   39.98   1.44
62       15.4    2.46    -2.77   41.51   1.45
63       15.6    2.46    -2.75   41.87   1.43
64       15.9    2.55    -2.77   40.97   1.42
65       16.1    2.75    -2.82   38.76   1.39
66       16.4    2.86    -2.88   37.05   1.36
67       16.6    2.80    -2.89   37.36   1.37
68       16.9    2.62    -2.86   39.24   1.39
69       17.1    2.34    -2.81   41.91   1.44
70       17.4    2.05    -2.72   44.70   1.49
71       17.6    1.91    -2.64   46.15   1.53
72       17.9    1.90    -2.61   46.45   1.52
73       18.1    1.74    -2.61   47.26   1.47
74       18.4    1.84    -2.65   46.45   1.41
75       18.6    2.28    -2.71   43.34   1.26
76       18.9    2.58    -2.83   39.95   1.08
77       19.1    2.00    -2.96   43.16   0.76
Time to reach the goal = 19.100000
