1        0.0     0.00    0.00    1000.00         0.00
2        0.1     5.44    0.77    50.00   0.77
3        0.3     4.47    -3.11   25.71   1.16
4        0.4     2.33    -3.12   38.45   1.15
5        0.6     2.37    -3.10   38.33   1.15
6        0.9     2.35    -3.08   38.74   1.15
7        1.1     2.42    -3.04   38.45   1.13
8        1.4     2.52    -3.02   37.91   1.12
9        1.7     2.66    -2.98   37.14   1.10
10       2.0     4.88    -2.83   32.33   1.08
11       2.3     4.96    -2.87   31.37   1.06
12       2.5     2.88    -3.00   34.82   1.04
13       2.8     2.85    -3.11   33.37   1.04
14       3.1     4.91    3.13    25.22   1.04
15       3.3     4.82    3.13    25.32   1.04
16       3.7     2.76    -3.12   34.05   1.05
17       3.9     2.64    -3.04   36.42   1.07
18       4.2     2.62    -2.98   37.47   1.07
19       4.4     2.68    -2.96   37.23   1.07
20       4.7     2.76    -2.98   36.28   1.06
21       4.9     2.88    -3.04   34.25   1.05
22       5.2     3.03    3.14    -1.#J   1.03
23       5.6     3.12    3.07    31.44   1.02
24       5.8     3.17    3.05    31.36   1.03
25       6.2     3.26    3.08    29.85   1.02
26       6.5     3.37    -3.11   28.06   1.00
27       6.8     3.11    -3.02   32.31   0.98
28       7.1     3.27    -3.00   31.32   0.96
29       7.3     3.43    -3.01   29.64   0.93
30       7.6     3.63    -3.07   26.78   0.90
31       7.8     3.76    -3.02   27.96   0.87
32       8.1     1.22    -2.99   49.83   0.91
33       8.4     2.82    -2.99   35.60   0.92
34       8.8     2.45    -2.96   39.21   0.92
35       9.0     2.55    -2.93   38.82   0.90
36       9.3     2.69    -3.02   36.34   0.88
37       9.6     2.87    -2.94   36.02   0.84
38       9.9     3.05    -2.93   34.63   0.80
39       10.1    3.24    -2.97   32.18   0.76
40       10.4    3.86    -3.06   26.84   0.72
41       10.8    4.86    3.08    26.38   0.69
42       11.1    4.23    2.94    29.77   0.65
43       11.4    4.78    2.83    32.39   0.63
44       11.7    3.84    2.60    37.90   0.63
45       12.0    4.30    2.65    36.76   0.64
46       12.3    4.26    2.71    35.33   0.66
47       12.6    4.33    2.78    33.62   0.66
48       12.9    4.42    2.84    32.18   0.65
49       13.1    4.55    0.12    50.00   0.62
50       13.4    4.13    0.09    50.00   0.60
51       13.7    4.73    0.05    50.00   0.60
52       14.1    4.77    0.03    50.00   0.61
53       14.4    4.79    0.00    50.00   0.64
54       14.6    2.93    -0.02   91.86   0.65
55       14.9    2.10    -0.06   143.85  0.64
56       15.3    2.24    -0.11   134.82  0.61
57       15.6    4.81    -0.17   50.00   0.54
58       15.8    2.00    -0.21   149.99  0.52
59       16.1    3.58    -0.27   51.12   0.54
60       16.5    4.07    -0.31   50.00   0.60
61       16.7    3.98    -0.34   50.00   0.70
62       17.0    4.41    -0.39   50.00   0.89
63       17.3    2.95    -0.46   90.77   1.16
64       17.6    2.81    -0.52   99.43   1.57
Time to reach the goal = 17.600000
