1        0.0     0.00    0.00    1000.00 0.00
2        0.2     5.49    0.79    50.00   0.77
3        0.3     2.27    -3.09   39.35   1.16
4        0.5     2.26    -3.09   39.47   1.15
5        0.7     2.30    -3.06   39.36   1.15
6        0.9     2.30    -3.04   39.62   1.14
7        1.2     4.46    -3.01   28.13   1.13
8        1.5     4.58    -2.96   29.25   1.11
9        1.8     4.65    -2.86   31.81   1.10
10       2.0     4.66    -2.95   29.64   1.09
11       2.3     4.64    -3.02   27.79   1.08
12       2.5     4.56    -3.06   26.90   1.09
13       2.8     2.49    -3.05   37.69   1.09
14       3.1     2.41    -2.99   39.25   1.10
15       3.4     2.39    -2.95   39.87   1.10
16       3.7     2.45    -2.97   39.10   1.10
17       4.0     2.59    -3.01   37.41   1.09
18       4.3     2.68    -3.08   35.42   1.07
19       4.6     2.83    3.11    33.55   1.06
20       4.8     2.85    2.97    35.60   1.07
21       5.2     2.84    3.00    35.29   1.08
22       5.4     2.85    3.02    34.82   1.09
23       5.7     2.47    3.07    37.73   1.10
24       5.9     1.81    3.10    43.84   1.09
25       6.2     1.90    3.14    -1.#J   1.09
26       6.4     2.07    -3.11   41.25   1.06
27       6.8     2.23    -3.09   39.84   1.04
28       7.0     2.38    -3.06   38.62   1.01
29       7.3     0.80    -3.03   58.97   0.98
30       7.5     0.95    -2.99   57.05   0.95
31       7.8     0.78    -3.03   58.46   0.92
32       8.1     0.85    3.04    56.86   0.90
33       8.4     2.97    3.05    33.09   0.91
34       8.7     3.06    3.07    31.92   0.90
35       9.0     3.20    3.09    30.23   0.87
36       9.3     2.93    3.11    32.46   0.83
37       9.6     3.14    -3.00   32.41   0.79
38       9.9     2.71    -2.98   36.74   0.75
39       10.2    3.52    -3.01   28.73   0.71
40       10.4    4.17    -3.11   25.79   0.66
41       10.8    4.37    3.07    26.79   0.62
42       11.0    4.53    2.93    30.08   0.58
43       11.3    4.17    2.76    34.08   0.55
44       11.6    4.22    0.12    50.00   0.54
45       11.9    4.20    0.10    50.00   0.55
46       12.2    4.15    0.09    50.00   0.57
47       12.5    4.62    0.08    50.00   0.59
48       12.8    4.64    0.07    50.00   0.61
49       13.1    4.73    0.05    50.00   0.60
50       13.4    4.85    0.01    50.00   0.58
51       13.7    4.48    -0.04   50.00   0.54
52       14.0    3.84    -0.08   50.00   0.48
53       14.3    3.92    -0.13   50.00   0.46
54       14.6    3.94    -0.16   50.00   0.48
55       14.9    3.99    -0.17   50.00   0.52
56       15.2    1.86    -0.20   158.69  0.61
57       15.6    3.89    -0.23   50.00   0.71
58       15.9    4.28    -0.25   50.00   0.84
59       16.1    3.73    -0.29   50.00   0.97
60       16.5    2.94    -0.35   91.08   1.00
61       16.8    2.56    -0.43   115.07  0.94
62       17.1    2.75    -0.51   103.38  0.75
Time to reach the goal = 17.100000
