1        0.0     0.00    0.00    1000.00 0.00
2        0.2     6.00    0.17    50.00   1.15
3        0.3     0.55    -2.85   86.60   1.95
4        0.5     0.54    -2.82   90.74   1.96
5        0.7     0.65    -2.76   89.32   1.96
6        0.9     0.91    -2.72   72.84   1.96
7        1.2     1.40    -2.66   48.85   1.97
8        1.5     2.47    -2.60   43.60   1.99
9        1.7     3.54    -2.48   41.04   2.00
10       2.0     3.60    -2.37   43.31   2.00
11       2.3     3.68    -2.27   45.91   2.00
12       2.5     1.30    -2.28   49.81   1.99
13       2.8     3.94    -2.33   44.48   1.98
14       3.0     3.95    -2.32   44.57   1.99
15       3.3     3.92    -2.29   45.29   2.00
16       3.5     3.88    -2.22   47.01   2.01
17       3.8     3.86    -2.11   49.59   2.02
18       4.0     3.91    -2.01   50.00   2.03
19       4.3     4.02    -1.96   50.00   2.03
20       4.5     4.18    -1.94   50.00   2.02
21       4.8     4.32    -1.97   50.00   2.00
22       5.1     4.35    -2.04   50.00   2.00
23       5.3     4.42    -2.09   50.00   1.99
24       5.6     1.06    -2.12   77.17   1.98
25       5.8     1.18    -2.11   53.91   1.95
26       6.1     1.30    -2.06   54.49   1.92
27       6.3     4.96    -2.03   50.00   1.89
28       6.6     4.70    -2.02   50.00   1.88
29       6.9     4.73    -2.05   50.00   1.88
30       7.2     4.92    -2.13   49.22   1.90
31       7.4     4.85    -2.23   46.79   1.92
32       7.7     0.29    -2.32   288.43  1.94
33       7.9     0.35    -2.37   232.59  1.93
34       8.1     0.46    -2.39   156.34  1.92
35       8.4     4.82    -2.37   43.39   1.90
36       8.6     4.98    -2.35   43.83   1.91
37       8.9     4.99    -2.33   44.48   1.92
38       9.1     4.96    -2.26   46.12   1.94
39       9.4     4.53    -2.16   48.39   1.95
40       9.6     4.82    -2.07   50.00   1.98
41       9.9     4.72    -2.01   50.00   2.01
42       10.1    4.63    -2.00   50.00   2.04
43       10.4    4.48    -2.02   50.00   2.09
44       10.6    4.32    -2.07   50.00   2.13
45       10.9    4.20    -2.12   49.46   2.17
46       11.1    4.14    -2.35   43.82   2.21
47       11.4    4.10    -2.34   44.23   2.24
48       11.6    4.07    -2.31   44.80   2.28
49       11.9    4.11    -1.99   50.00   2.31
50       12.1    4.22    -1.89   50.00   2.33
51       12.4    4.38    -1.85   50.00   2.34
52       12.6    4.50    -1.81   50.00   2.33
53       12.9    4.63    -1.95   50.00   2.32
54       13.3    2.29    -1.98   59.13   2.28
55       13.6    2.43    -2.16   49.16   2.26
56       13.8    4.93    -2.14   48.99   2.27
57       14.1    4.70    -2.12   49.48   2.30
58       14.4    2.65    -2.10   49.95   2.34
59       14.6    3.68    -2.15   48.59   2.39
60       14.9    4.93    -2.11   49.59   2.46
61       15.1    4.83    -2.03   50.00   2.55
62       15.4    2.81    -1.75   66.18   2.64
63       15.7    4.90    -1.70   50.00   2.72
64       15.9    4.57    -1.69   50.00   2.81
65       16.2    3.77    -1.65   50.00   2.87
66       16.5    3.40    -1.61   55.91   2.89
67       16.7    3.23    -1.50   63.13   2.90
68       17.0    3.15    -1.38   69.12   2.91
69       17.2    3.09    -1.34   73.04   2.99
70       17.5    3.09    -1.31   74.06   3.04
71       17.7    3.07    -1.28   75.58   2.99
72       18.0    2.97    -1.22   82.84   2.96
73       18.2    2.90    -1.27   84.23   2.91
74       18.5    0.90    -1.19   290.43  2.83
75       18.7    3.10    -1.34   72.29   2.65
76       19.0    3.36    -1.28   61.84   2.39
Time to reach the goal = 18.950001
