1        0.0     0.00    0.00    1000.00 0.00
2        0.2     4.33    0.42    50.00   1.07
3        0.3     2.00    -2.83   44.12   1.53
4        0.5     2.02    -2.81   44.11   1.53
5        0.7     2.03    -2.78   44.31   1.53
6        0.9     2.08    -2.73   44.47   1.53
7        1.2     2.17    -2.65   44.58   1.52
8        1.5     2.24    -2.65   44.23   1.52
9        1.7     2.31    -2.66   43.71   1.52
10       2.0     2.27    -2.65   44.12   1.53
11       2.2     2.12    -2.60   45.39   1.53
12       2.5     2.05    -2.54   46.22   1.54
13       2.7     2.06    -2.52   46.33   1.53
14       3.0     2.17    -2.54   45.72   1.52
15       3.2     2.32    -2.61   44.28   1.51
16       3.5     2.44    -2.66   43.03   1.51
17       3.7     2.50    -2.69   42.25   1.50
18       4.0     2.47    -2.72   42.14   1.51
19       4.2     2.38    -2.73   42.51   1.52
20       4.4     2.28    -2.77   42.77   1.54
21       4.7     2.16    -2.79   43.37   1.56
22       4.9     1.99    -2.79   44.52   1.58
23       5.2     0.97    -2.76   66.96   1.60
24       5.4     1.34    -2.69   49.15   1.62
25       5.7     1.27    -2.62   49.62   1.65
26       6.0     1.09    -2.60   61.11   1.67
27       6.3     0.99    -2.61   70.77   1.69
28       6.5     0.91    -2.63   78.64   1.71
29       6.8     0.81    -2.61   89.89   1.73
30       7.0     0.67    -2.56   108.96  1.75
31       7.3     0.63    -2.51   119.41  1.76
32       7.5     0.63    -2.49   121.01  1.77
33       7.8     0.71    -2.48   112.22  1.76
34       8.0     0.81    -2.47   100.31  1.74
35       8.3     0.92    -2.49   84.06   1.73
36       8.5     1.09    -2.55   62.28   1.71
37       8.8     1.27    -2.61   49.64   1.68
38       9.0     1.48    -2.62   48.55   1.65
39       9.3     1.63    -2.61   47.78   1.62
40       9.5     1.80    -2.60   46.98   1.58
41       9.8     1.98    -2.62   45.90   1.55
42       10.0    2.20    -2.68   44.21   1.52
43       10.3    2.52    -2.77   41.15   1.49
44       10.5    2.96    -2.89   36.09   1.47
45       10.8    3.56    -3.00   28.78   1.43
46       11.0    3.87    -3.07   26.70   1.39
47       11.3    4.66    -3.11   25.76   1.34
48       11.5    4.90    -3.12   25.43   1.30
49       11.8    4.90    -3.08   26.55   1.24
50       12.0    4.71    -3.04   27.50   1.19
51       12.3    4.62    -2.95   29.56   1.14
52       12.5    4.69    -2.92   30.22   1.09
53       12.8    4.82    -2.95   29.53   1.07
54       13.1    4.99    -3.00   28.27   1.08
55       13.4    4.90    -3.11   25.64   1.12
56       13.6    4.55    3.10    26.05   1.16
57       13.9    4.50    3.06    26.83   1.20
58       14.1    4.73    3.08    26.58   1.24
59       14.4    4.66    3.11    25.70   1.29
60       14.6    3.77    -3.09   26.23   1.35
61       14.9    3.00    -2.97   34.37   1.41
62       15.1    2.38    -2.83   41.34   1.47
63       15.4    2.07    -2.70   44.78   1.51
64       15.6    1.93    -2.61   46.29   1.52
65       15.9    1.90    -2.56   46.77   1.52
66       16.1    1.97    -2.54   46.58   1.48
67       16.4    2.06    -2.56   46.00   1.43
68       16.6    2.24    -2.62   44.56   1.37
69       16.9    2.49    -2.71   42.10   1.28
70       17.1    2.89    -2.83   37.61   1.17
71       17.4    3.57    -2.98   29.02   1.05
72       17.6    4.90    3.13    25.32   0.90
73       17.9    3.43    2.95    30.94   0.79
74       18.1    3.50    2.82    33.42   0.73
75       18.4    3.56    2.75    34.69   0.74
76       18.6    3.56    2.69    36.01   0.85
Time to reach the goal = 18.650000
