1        0.0     0.00    0.00    1000.00         0.00
2        0.1     5.44    0.77    50.00   0.77
3        0.3     4.47    -3.11   25.71   1.16
4        0.4     2.33    -3.12   38.45   1.15
5        0.6     2.37    -3.10   38.33   1.15
6        0.9     2.35    -3.08   38.74   1.15
7        1.1     2.42    -3.04   38.45   1.13
8        1.4     2.50    -3.02   38.08   1.12
9        1.7     2.66    -2.98   37.14   1.10
10       2.0     4.89    -2.83   32.33   1.08
11       2.3     4.97    -2.88   31.23   1.06
12       2.5     2.88    -2.94   35.84   1.05
13       2.8     2.83    -3.04   34.67   1.04
14       3.1     4.90    -3.08   26.46   1.04
15       3.4     4.77    -3.07   26.74   1.05
16       3.7     2.74    -3.01   36.00   1.06
17       4.0     2.74    -2.97   36.66   1.06
18       4.3     2.77    -2.98   36.13   1.05
19       4.6     2.91    -3.04   33.96   1.04
20       4.9     3.07    3.13    30.78   1.02
21       5.2     3.14    3.05    31.57   1.01
22       5.5     3.16    3.02    32.05   1.02
23       5.8     3.13    3.03    31.98   1.03
24       6.1     3.12    3.05    31.63   1.04
25       6.3     2.72    3.07    35.23   1.05
26       6.6     2.15    -2.97   41.71   1.03
27       6.9     2.27    -2.93   41.13   1.02
28       7.2     1.08    -3.00   53.26   1.00
29       7.4     0.94    -3.02   55.92   0.98
30       7.7     0.65    -3.06   58.23   0.95
31       8.0     1.73    3.02    45.12   0.92
32       8.3     1.06    2.95    55.38   0.90
33       8.6     1.70    2.79    46.54   0.89
34       8.9     2.99    2.76    38.12   0.86
35       9.2     3.37    2.68    37.38   0.82
36       9.6     2.73    2.80    39.29   0.77
37       9.9     4.68    2.91    30.61   0.74
38       10.1    4.78    2.97    29.14   0.72
39       10.4    4.96    2.99    28.56   0.68
40       10.8    4.25    2.87    31.53   0.65
41       11.1    3.97    2.72    34.98   0.61
42       11.4    4.62    0.15    50.00   0.57
43       11.6    4.19    0.12    50.00   0.55
44       11.9    4.25    0.09    50.00   0.55
45       12.2    4.18    0.07    50.00   0.56
46       12.5    4.18    0.06    50.00   0.59
47       12.8    4.64    0.05    50.00   0.62
48       13.1    4.13    0.04    50.00   0.64
49       13.3    3.43    0.01    60.35   0.63
50       13.6    3.53    -0.02   54.54   0.60
51       13.9    4.55    -0.06   50.00   0.55
52       14.1    4.76    -0.13   50.00   0.49
53       14.4    4.86    -0.17   50.00   0.46
54       14.8    4.07    -0.21   50.00   0.46
55       15.0    2.02    -0.24   148.74  0.49
56       15.3    4.07    -0.27   50.00   0.55
57       15.6    4.48    -0.32   50.00   0.65
58       15.9    4.40    -0.35   50.00   0.79
59       16.2    3.93    -0.40   50.00   0.89
60       16.5    4.62    -0.47   50.00   0.90
Time to reach the goal = 16.500000
