1        0.0     0.00    0.00    1000.00 0.00
2        0.2     5.98    0.17    50.00   1.15
3        0.3     0.60    -2.84   84.16   1.95
4        0.5     0.59    -2.81   88.76   1.95
5        0.7     0.58    -2.77   93.36   1.96
6        0.9     0.82    -2.70   81.73   1.96
7        1.2     1.22    -2.66   49.90   1.97
8        1.5     2.05    -2.59   45.78   1.99
9        1.7     3.51    -2.52   40.12   2.00
10       2.0     3.49    -2.41   42.84   2.01
11       2.3     3.55    -2.32   44.68   2.01
12       2.5     3.27    -2.21   47.58   2.00
13       2.8     3.42    -2.21   47.40   2.00
14       3.0     3.52    -2.27   46.01   1.99
15       3.3     4.01    -2.28   45.48   1.99
16       3.5     4.02    -2.27   45.78   1.99
17       3.8     3.99    -2.23   46.66   2.00
18       4.0     3.96    -2.15   48.62   2.02
19       4.3     4.02    -2.06   50.00   2.02
20       4.5     4.11    -2.03   50.00   2.02
21       4.8     4.21    -2.05   50.00   2.01
22       5.0     4.26    -2.08   50.00   2.01
23       5.3     4.24    -2.15   48.62   2.02
24       5.5     4.29    -2.22   47.08   2.03
25       5.8     0.87    -2.25   106.64  2.02
26       6.0     0.97    -2.24   89.78   2.00
27       6.3     1.14    -2.19   60.10   1.97
28       6.5     4.74    -2.13   49.20   1.94
29       6.8     4.89    -2.06   50.00   1.91
30       7.0     4.72    -2.02   50.00   1.88
31       7.3     4.78    -2.03   50.00   1.87
32       7.5     0.60    -2.07   176.69  1.87
33       7.8     0.74    -2.14   138.18  1.88
34       8.0     5.00    -2.21   47.28   1.90
35       8.3     4.98    -2.23   46.64   1.93
36       8.5     4.94    -2.23   46.86   1.95
37       8.8     4.59    -2.17   48.09   1.96
38       9.0     4.82    -2.13   49.03   1.99
39       9.3     4.70    -2.13   49.16   2.03
40       9.5     4.59    -2.16   48.43   2.06
41       9.8     4.47    -2.28   45.65   2.11
42       10.0    4.39    -2.32   44.69   2.15
43       10.3    1.82    -2.33   48.56   2.19
44       10.5    4.21    -2.32   44.51   2.23
45       10.8    4.11    -2.30   45.17   2.27
46       11.0    4.06    -2.26   46.03   2.31
47       11.3    4.05    -2.24   46.62   2.35
48       11.5    4.13    -1.95   50.00   2.38
49       11.8    4.30    -1.86   50.00   2.39
50       12.1    4.49    -1.81   50.00   2.38
51       12.4    4.62    -1.93   50.00   2.37
52       12.6    4.75    -1.94   50.00   2.34
53       12.9    4.86    -2.15   48.71   2.32
54       13.2    4.93    -2.12   49.38   2.33
55       13.4    4.99    -2.11   49.58   2.36
56       13.8    3.15    -2.16   48.64   2.41
57       14.1    4.95    -2.01   50.00   2.48
58       14.3    2.98    -1.93   55.88   2.55
59       14.6    2.92    -1.68   66.93   2.62
60       14.9    3.30    -1.64   58.23   2.68
61       15.1    4.49    -1.60   50.00   2.70
62       15.4    4.32    -1.41   50.00   2.67
63       15.6    4.40    -1.48   50.00   2.62
64       15.9    4.71    -1.97   50.00   2.53
65       16.1    4.92    -1.90   50.00   2.37
66       16.4    4.15    -1.86   50.00   2.19
67       16.6    4.06    -1.84   50.00   1.95
68       16.9    4.25    -2.01   50.00   1.61
69       17.1    4.36    -2.22   47.07   1.29
70       17.4    4.74    -2.44   41.70   0.92
71       17.7    2.36    -2.73   42.66   0.54
72       18.0    3.86    3.10    25.95   0.34
73       18.3    3.91    2.73    34.89   0.30
74       18.5    0.93    2.39    89.22   0.33
75       18.8    1.13    2.10    64.14   0.40
76       19.0    0.99    1.91    125.32  0.43
77       19.3    1.02    1.88    124.45  0.48
78       19.5    1.17    1.96    76.19   0.50
79       19.8    0.96    2.10    98.02   0.58
Time to reach the goal = 19.799999
