1        0.0     0.00    0.00    1000.00 0.00
2        0.1     5.44    0.77    50.00   0.77
3        0.3     4.47    -3.11   25.71   1.16
4        0.4     2.33    -3.12   38.45   1.15
5        0.6     2.37    -3.10   38.33   1.15
6        0.9     2.35    -3.08   38.74   1.15
7        1.1     2.42    -3.04   38.45   1.13
8        1.4     2.50    -3.02   38.08   1.12
9        1.7     2.66    -2.98   37.14   1.10
10       2.0     4.89    -2.83   32.33   1.08
11       2.3     4.97    -2.88   31.23   1.06
12       2.5     2.88    -2.94   35.84   1.05
13       2.8     2.83    -3.04   34.67   1.04
14       3.1     4.90    -3.08   26.46   1.04
15       3.4     4.77    -3.07   26.74   1.05
16       3.7     2.74    -3.01   36.06   1.06
17       4.0     2.72    -2.95   37.06   1.06
18       4.3     2.74    -2.94   36.98   1.05
19       4.6     2.89    -2.99   34.85   1.04
20       4.8     3.05    -3.09   31.76   1.02
21       5.2     3.13    3.12    30.26   1.02
22       5.4     3.13    3.11    30.52   1.02
23       5.7     3.12    3.13    30.18   1.02
24       6.1     2.73    3.05    35.50   1.04
25       6.3     2.12    -3.01   41.61   1.04
26       6.6     2.21    -2.97   41.21   1.02
27       6.8     2.31    -2.93   40.76   1.01
28       7.1     2.47    -2.88   40.05   0.98
29       7.3     2.62    -2.91   38.47   0.96
30       7.7     2.81    -2.93   36.62   0.92
31       8.0     1.25    3.00    49.52   0.91
32       8.3     1.18    3.01    50.49   0.90
33       8.5     4.37    3.04    27.31   0.87
34       8.8     2.12    3.03    41.40   0.84
35       9.1     4.72    3.07    26.73   0.80
36       9.4     4.44    -3.14   25.10   0.76
37       9.7     3.86    -3.01   28.04   0.72
38       9.9     3.64    -2.93   30.07   0.69
39       10.2    3.82    -2.88   31.30   0.65
40       10.4    3.99    -2.87   31.53   0.61
41       10.7    4.14    -2.90   30.84   0.58
42       10.9    4.74    -2.97   29.10   0.53
43       11.3    4.98    -3.10   25.98   0.49
44       11.6    4.17    3.02    27.83   0.44
45       11.9    4.28    2.88    31.30   0.42
46       12.1    4.29    2.75    34.33   0.39
47       12.4    4.30    2.66    36.44   0.38
48       12.6    4.22    2.62    37.51   0.38
49       12.9    3.76    -0.26   50.00   0.38
50       13.2    4.04    -0.27   50.00   0.40
51       13.4    4.01    0.01    50.00   0.40
52       13.8    4.04    -0.01   50.00   0.38
53       14.0    3.67    -0.03   50.00   0.35
54       14.3    2.90    -0.07   93.64   0.32
55       14.6    2.89    -0.10   94.35   0.29
56       14.9    3.69    -0.13   50.00   0.30
57       15.3    4.12    -0.13   50.00   0.32
58       15.6    4.05    -0.15   50.00   0.36
59       15.9    3.98    -0.16   50.00   0.40
60       16.1    4.84    -0.16   50.00   0.42
61       16.4    4.91    -0.20   50.00   0.41
62       16.8    4.22    -0.24   50.00   0.35
63       17.0    2.85    -0.28   96.97   0.28
64       17.3    2.48    -0.35   119.75  0.18
65       17.6    4.16    -0.41   50.00   0.05
66       17.9    3.36    -0.46   64.99   -0.10
67       18.2    3.43    -0.51   60.53   -0.21
68       18.5    3.44    -0.55   60.21   -0.23
69       18.8    3.39    -0.58   62.94   -0.20
70       19.0    3.30    -0.57   68.44   0.06
Time to reach the goal = 19.049999
