1        0.0     0.00    0.00    1000.00 0.00
2        0.2     5.98    0.17    50.00   1.15
3        0.3     0.60    -2.84   84.16   1.95
4        0.5     0.59    -2.81   88.76   1.95
5        0.7     0.58    -2.77   93.36   1.96
6        0.9     0.82    -2.70   81.73   1.96
7        1.2     1.22    -2.66   49.90   1.97
8        1.5     2.05    -2.59   45.78   1.99
9        1.7     3.51    -2.52   40.12   2.00
10       2.0     3.47    -2.44   42.29   2.01
11       2.2     3.53    -2.34   44.32   2.01
12       2.5     3.27    -2.21   47.58   2.00
13       2.8     3.42    -2.21   47.40   2.00
14       3.0     3.96    -2.28   45.47   1.99
15       3.3     4.10    -2.34   44.04   1.98
16       3.5     4.19    -2.37   43.34   1.98
17       3.8     4.16    -2.36   43.75   1.99
18       4.0     4.11    -2.31   44.84   2.00
19       4.3     3.71    -2.27   45.91   2.02
20       4.5     4.17    -2.26   46.16   2.01
21       4.8     4.29    -2.29   45.34   2.01
22       5.0     4.44    -2.32   44.69   2.00
23       5.3     4.58    -2.30   45.00   1.98
24       5.5     4.65    -2.30   45.04   1.96
25       5.8     4.71    -2.30   45.15   1.96
26       6.0     4.80    -2.25   46.19   1.93
27       6.3     4.90    -2.18   47.84   1.91
28       6.5     4.73    -2.10   49.78   1.88
29       6.8     4.75    -2.09   50.00   1.87
30       7.1     4.75    -2.09   50.00   1.87
31       7.3     5.00    -2.14   48.92   1.89
32       7.6     0.38    -2.22   230.01  1.92
33       7.8     0.43    -2.29   187.75  1.94
34       8.1     4.90    -2.33   44.45   1.95
35       8.3     4.87    -2.33   44.37   1.97
36       8.6     4.81    -2.29   45.27   1.98
37       8.8     4.74    -2.25   46.17   2.00
38       9.1     2.13    -2.25   48.54   2.03
39       9.3     2.06    -2.29   48.31   2.07
40       9.6     4.43    -2.32   44.56   2.10
41       9.8     4.38    -2.33   44.35   2.12
42       10.1    4.04    -2.33   44.49   2.12
43       10.3    1.07    -2.21   73.76   2.10
44       10.6    4.46    -2.14   48.92   2.09
45       10.8    4.44    -2.11   49.70   2.10
46       11.1    1.88    -2.11   49.88   2.12
47       11.4    1.74    -2.16   49.62   2.16
48       11.6    4.12    -2.37   43.46   2.20
49       11.9    3.68    -2.36   43.68   2.24
50       12.1    3.97    -2.36   43.68   2.27
51       12.4    3.92    -2.35   43.91   2.32
52       12.7    3.95    -2.02   50.00   2.35
53       12.9    4.07    -1.92   50.00   2.38
54       13.2    4.22    -1.89   50.00   2.38
55       13.5    4.40    -1.84   50.00   2.38
56       13.8    4.55    -1.82   50.00   2.36
57       14.1    4.64    -1.91   50.00   2.33
58       14.3    4.72    -1.97   50.00   2.32
59       14.6    4.83    -2.17   48.27   2.32
60       14.9    4.95    -2.14   49.00   2.35
61       15.2    4.97    -2.18   47.90   2.41
62       15.4    4.92    -2.19   47.69   2.46
63       15.7    4.85    -2.21   47.21   2.54
64       16.0    4.91    -2.15   48.72   2.62
65       16.3    4.85    -1.79   50.00   2.70
66       16.5    2.59    -1.74   71.40   2.78
67       16.8    4.69    -1.73   50.00   2.87
68       17.0    3.65    -1.70   50.00   2.95
69       17.4    3.05    -1.66   64.23   3.01
70       17.6    2.81    -1.61   72.68   3.02
71       17.9    2.67    -1.55   80.23   3.06
72       18.2    2.57    -1.50   86.63   3.14
73       18.5    2.48    -1.48   91.48   -3.02
74       18.8    2.46    -1.45   93.77   -2.92
75       19.0    2.49    -1.45   92.82   -2.96
76       19.3    2.42    -1.39   100.09  -2.96
77       19.5    2.26    -1.34   109.82  -2.93
78       19.8    2.16    -1.25   122.40  -2.87
79       20.0    2.05    -1.16   136.16  -2.79
80       20.3    2.02    -1.10   144.37  -2.75
81       20.5    2.06    -1.04   146.54  -2.86
82       20.8    2.14    -0.95   140.96  -3.09
Time to reach the goal = 20.750000
