1        0.0     0.00    0.00    1000.00 0.00
2        0.2     6.06    0.17    50.00   1.16
3        0.3     0.56    -2.88   81.94   1.95
4        0.5     0.57    -2.87   83.37   1.95
5        0.7     0.58    -2.83   86.91   1.96
6        0.9     0.54    -2.79   93.67   1.96
7        1.2     0.62    -2.73   95.36   1.97
8        1.5     0.95    -2.68   71.76   1.99
9        1.8     1.40    -2.64   48.94   2.01
10       2.0     2.26    -2.59   44.77   2.03
11       2.3     3.27    -2.52   41.17   2.05
12       2.5     3.24    -2.44   42.88   2.05
13       2.8     3.33    -2.35   44.60   2.05
14       3.0     3.42    -2.29   45.67   2.05
15       3.3     3.14    -2.30   45.98   2.05
16       3.5     3.53    -2.28   45.79   2.06
17       3.8     3.53    -2.22   47.11   2.07
18       4.1     3.52    -2.16   48.56   2.08
19       4.3     3.60    -2.10   49.78   2.08
20       4.6     3.68    -2.11   49.70   2.08
21       4.8     3.78    -2.09   50.00   2.08
22       5.1     3.87    -2.05   50.00   2.07
23       5.3     4.04    -1.97   50.00   2.06
24       5.6     0.57    -1.90   226.73  2.03
25       5.8     0.98    -1.87   134.78  2.01
26       6.1     4.58    -1.87   50.00   1.99
27       6.3     4.73    -1.91   50.00   1.96
28       6.6     4.85    -1.98   50.00   1.93
29       6.8     4.90    -2.09   50.00   1.92
30       7.1     5.00    -2.25   46.24   1.92
31       7.4     4.81    -2.37   43.39   1.92
32       7.7     4.79    -2.41   42.47   1.91
33       7.9     4.98    -2.37   43.39   1.91
34       8.2     4.98    -2.31   44.95   1.92
35       8.4     2.49    -2.20   48.62   1.94
36       8.7     4.98    -2.09   50.00   1.95
37       9.0     4.97    -2.04   50.00   1.96
38       9.3     2.45    -2.02   54.84   1.98
39       9.5     4.86    -2.01   50.00   2.01
40       9.8     4.87    -1.97   50.00   2.04
41       10.0    4.91    -1.91   50.00   2.06
42       10.3    4.73    -1.87   50.00   2.06
43       10.5    4.81    -1.87   50.00   2.05
44       10.8    4.93    -1.90   50.00   2.03
45       11.0    3.06    -2.07   50.83   2.00
46       11.3    3.49    -2.09   50.03   1.95
47       11.6    3.29    -2.19   48.06   1.93
48       11.9    3.30    -2.23   47.22   1.92
49       12.1    3.50    -2.23   46.98   1.93
50       12.4    3.26    -2.19   47.98   1.96
51       12.6    3.31    -2.16   48.65   1.97
52       12.9    3.38    -2.16   48.60   1.96
53       13.1    0.54    -2.20   168.27  1.94
54       13.4    3.62    -2.28   45.60   1.90
55       13.6    3.71    -2.34   44.19   1.86
56       13.9    3.75    -2.37   43.44   1.87
57       14.1    3.80    -2.36   43.75   1.90
58       14.4    0.79    -2.32   113.93  1.96
59       14.6    3.72    -2.24   46.56   2.05
60       14.9    4.12    -2.13   49.21   2.18
61       15.1    3.74    -1.99   50.00   2.38
62       15.4    3.90    -1.93   50.00   2.61
63       15.6    4.45    -1.92   50.00   2.93
Time to reach the goal = 15.600000
