1        0.0     0.00    0.00    1000.00         0.00
2        0.2     4.33    0.42    50.00   1.07
3        0.3     2.00    -2.83   44.12   1.53
4        0.5     2.02    -2.81   44.11   1.53
5        0.8     2.03    -2.77   44.39   1.53
6        1.0     2.09    -2.72   44.51   1.53
7        1.3     2.19    -2.64   44.59   1.52
8        1.5     2.25    -2.68   43.88   1.52
9        1.8     2.32    -2.69   43.34   1.52
10       2.0     2.33    -2.67   43.54   1.52
11       2.3     1.96    -2.60   46.17   1.53
12       2.5     2.08    -2.57   45.89   1.54
13       2.8     2.11    -2.56   45.77   1.53
14       3.0     2.21    -2.59   45.03   1.52
15       3.3     2.40    -2.65   43.33   1.51
16       3.5     2.52    -2.72   41.78   1.51
17       3.8     2.58    -2.78   40.64   1.51
18       4.1     2.58    -2.83   39.85   1.52
19       4.3     2.46    -2.85   40.51   1.53
20       4.6     2.24    -2.82   42.50   1.55
21       4.8     1.00    -2.72   65.78   1.58
22       5.2     1.58    -2.61   48.07   1.60
23       5.4     1.37    -2.47   49.35   1.62
24       5.8     1.22    -2.27   49.97   1.64
25       6.0     1.16    -2.20   57.18   1.65
26       6.3     1.18    -2.17   52.94   1.64
27       6.5     1.18    -2.13   53.56   1.65
28       6.8     1.14    -2.14   61.13   1.65
29       7.0     0.99    -2.31   84.29   1.67
30       7.3     0.98    -2.41   81.18   1.68
31       7.5     0.97    -2.43   80.99   1.69
32       7.8     0.96    -1.50   210.40          1.69
33       8.1     0.97    -2.34   86.14   1.69
34       8.3     0.89    -2.19   107.30          1.69
35       8.6     0.80    -2.15   126.15          1.70
36       8.8     0.70    -2.14   144.90          1.71
37       9.1     0.64    -2.08   165.81          1.72
38       9.3     0.62    -2.08   168.40          1.73
39       9.6     0.66    -2.31   135.10          1.73
40       9.9     0.79    -2.27   118.13          1.71
41       10.1    0.90    -2.31   96.97   1.70
42       10.4    1.07    -2.34   69.65   1.67
43       10.6    1.15    -2.33   57.06   1.65
44       10.9    1.20    -2.29   50.00   1.64
45       11.1    1.21    -2.21   49.99   1.64
46       11.4    1.24    -2.15   49.98   1.64
47       11.6    1.34    -2.11   49.98   1.62
48       11.9    1.46    -2.10   49.97   1.60
49       12.2    1.62    -2.16   49.74   1.57
50       12.4    1.80    -2.23   49.17   1.54
51       12.7    2.00    -2.35   47.97   1.51
52       13.0    2.31    -2.53   45.21   1.47
53       13.3    2.88    -2.73   39.40   1.43
54       13.6    3.30    -2.90   33.20   1.40
55       13.8    3.11    -3.05   31.95   1.38
56       14.1    4.91    3.12    25.41   1.36
57       14.4    4.87    3.06    26.83   1.33
58       14.6    4.90    3.05    27.11   1.29
59       14.9    4.91    3.06    26.88   1.25
60       15.1    3.92    3.14    -1.#J   1.20
61       15.4    3.99    -3.11   25.85   1.18
62       15.6    4.06    -3.10   25.91   1.16
63       15.9    4.08    3.14    -1.#J   1.16
64       16.1    4.08    3.11    25.76   1.17
65       16.4    4.06    3.05    27.23   1.18
66       16.6    4.08    3.03    27.71   1.19
67       16.9    4.07    3.04    27.37   1.21
68       17.1    4.02    3.10    26.01   1.23
69       17.4    4.76    -3.10   25.88   1.27
70       17.6    4.10    -3.04   27.37   1.29
71       17.9    3.76    -2.98   28.75   1.31
72       18.1    3.69    -2.96   29.35   1.31
73       18.4    3.78    -2.99   28.58   1.30
74       18.6    3.78    -3.01   28.14   1.30
75       18.9    3.53    -2.99   29.19   1.31
76       19.1    3.16    -2.94   33.53   1.34
77       19.4    2.72    -2.85   38.57   1.38
78       19.6    2.47    -2.78   41.27   1.40
79       19.9    2.40    -2.73   42.36   1.40
80       20.1    2.42    -2.74   42.14   1.38
81       20.4    2.53    -2.78   40.89   1.34
82       20.6    2.77    -2.85   38.18   1.28
83       20.9    3.16    -2.95   33.39   1.21
84       21.1    3.25    -3.04   30.64   1.16
85       21.4    3.34    -3.09   28.72   1.14
86       21.6    3.52    -3.12   26.31   1.19
87       21.9    3.18    -3.09   30.41   1.28
88       22.1    2.69    -3.04   35.94   1.45
89       22.4    2.09    -2.93   42.56   1.89
Time to reach the goal = 22.350000
