1        0.0     0.00    0.00    1000    0.00
2        0.2     4.38    0.42    50.00   1.07
3        0.3     2.02    -2.82   44.09   1.53
4        0.5     2.04    -2.81   44.00   1.53
5        0.7     2.04    -2.78   44.26   1.53
6        0.9     2.10    -2.72   44.39   1.53
7        1.2     2.18    -2.65   44.54   1.52
8        1.5     2.25    -2.71   43.62   1.52
9        1.7     2.29    -2.73   43.13   1.52
10       2.0     2.34    -2.69   43.25   1.53
11       2.2     2.17    -2.65   44.65   1.53
12       2.5     2.08    -2.59   45.62   1.54
13       2.7     2.08    -2.58   45.78   1.54
14       3.0     2.17    -2.60   45.10   1.53
15       3.2     2.33    -2.67   43.57   1.52
16       3.5     2.44    -2.71   42.38   1.52
17       3.7     2.42    -2.73   42.34   1.52
18       4.0     2.30    -2.70   43.33   1.53
19       4.2     2.10    -2.66   44.94   1.54
20       4.4     1.92    -2.60   46.39   1.55
21       4.7     0.99    -2.58   72.01   1.57
22       4.9     1.60    -2.59   48.02   1.60
23       5.2     1.41    -2.57   48.98   1.62
24       5.4     1.27    -2.53   49.69   1.64
25       5.7     1.12    -2.42   61.03   1.66
26       6.0     1.07    -2.36   69.01   1.67
27       6.3     1.09    -2.33   67.44   1.67
28       6.5     1.12    -2.29   62.69   1.66
29       6.8     1.09    -2.21   70.22   1.67
30       7.1     0.94    -2.10   101.52  1.69
31       7.4     0.76    -2.10   136.39  1.73
32       7.7     0.61    -2.10   167.84  1.76
33       7.9     0.53    -2.05   195.32  1.79
34       8.1     0.57    -1.99   205.57  1.79
35       8.4     0.62    -2.03   182.77  1.78
36       8.6     0.74    -2.18   134.48  1.76
37       8.9     0.89    -2.21   105.97  1.73
38       9.1     1.04    -2.26   77.73   1.70
39       9.4     1.14    -2.28   60.28   1.68
40       9.6     1.26    -2.29   49.88   1.66
41       9.9     1.40    -2.34   49.51   1.63
42       10.1    1.57    -2.42   48.77   1.60
43       10.4    1.78    -2.53   47.46   1.58
44       10.6    2.10    -2.67   44.87   1.55
45       10.9    2.56    -2.85   39.82   1.52
46       11.1    3.29    -3.00   31.08   1.48
47       11.4    4.20    3.14    31.40   1.44
48       11.6    3.72    3.07    26.65   1.40
49       11.9    3.88    3.03    27.60   1.35
50       12.1    4.04    3.02    27.96   1.29
51       12.4    4.17    3.05    27.24   1.26
52       12.6    4.93    3.12    25.44   1.25
53       12.9    4.61    -3.11   25.85   1.25
54       13.1    4.70    -3.09   26.27   1.23
55       13.4    4.86    -3.12   25.41   1.22
56       13.6    4.96    3.12    25.41   1.20
57       13.9    4.89    3.08    26.58   1.20
58       14.1    4.92    3.10    26.10   1.21
59       14.4    4.45    3.13    25.33   1.24
60       14.6    3.67    -3.09   26.22   1.29
61       14.9    2.98    -2.97   34.54   1.35
62       15.1    2.56    -2.87   39.46   1.40
63       15.4    2.34    -2.80   41.93   1.43
64       15.6    2.29    -2.78   42.59   1.42
65       15.9    2.35    -2.77   42.25   1.39
66       16.1    2.48    -2.82   40.71   1.34
67       16.4    2.74    -2.89   37.84   1.23
68       16.6    3.10    -2.97   33.47   1.12
69       16.9    3.69    -3.08   26.38   0.95
70       17.1    4.92    3.06    26.93   0.69
Time to reach the goal = 17.150000
