1        0.0     0.00    0.00    1000.00 0.00
2        0.1     7.05    0.79    50.00   0.77
3        0.3     2.27    -3.09   39.31   1.16
4        0.4     2.29    -3.09   39.23   1.15
5        0.6     4.42    -3.06   26.84   1.15
6        0.9     2.32    -3.05   39.37   1.14
7        1.1     2.36    -3.02   39.32   1.14
8        1.4     4.56    -2.99   28.71   1.12
9        1.6     4.62    -2.89   30.92   1.10
10       2.0     4.62    -2.93   30.04   1.09
11       2.3     4.60    -3.00   28.28   1.09
12       2.5     4.52    -3.02   27.90   1.09
13       2.8     2.44    -2.98   39.01   1.10
14       3.1     2.39    -2.96   39.76   1.10
15       3.3     2.43    -2.97   39.32   1.09
16       3.7     2.56    -3.01   37.63   1.09
17       4.0     2.68    -3.10   35.12   1.07
18       4.3     2.73    3.11    34.53   1.07
19       4.5     2.74    2.93    37.20   1.07
20       4.8     2.73    2.95    36.96   1.08
21       5.1     2.72    -3.09   34.92   1.10
22       5.3     2.35    -3.08   38.77   1.10
23       5.6     1.75    -3.03   44.89   1.10
24       5.9     1.89    3.12    43.01   1.08
25       6.2     2.01    -3.13   41.63   1.06
26       6.4     2.18    3.07    40.53   1.04
27       6.8     3.11    3.11    30.76   1.01
28       7.1     0.90    2.94    61.81   0.98
29       7.3     0.86    2.98    60.51   0.96
30       7.6     1.21    2.91    49.88   0.93
31       7.8     1.56    2.75    47.64   0.92
32       8.1     2.08    2.49    46.49   0.91
33       8.4     2.18    2.53    45.78   0.92
34       8.6     2.34    2.44    46.12   0.93
35       8.9     2.84    0.61    97.32   0.96
36       9.1     3.30    0.62    68.47   0.98
37       9.4     3.43    0.64    60.74   0.99
38       9.6     2.66    0.67    108.79  1.02
39       9.9     3.77    2.53    39.62   1.05
40       10.1    4.28    2.67    36.23   1.10
41       10.4    1.44    2.71    48.55   1.13
42       10.7    1.01    2.75    64.51   1.14
43       10.9    0.98    2.78    65.32   1.16
44       11.2    0.98    2.77    65.90   1.16
45       11.4    0.98    2.77    66.01   1.16
46       11.7    0.98    2.77    66.01   1.16
47       11.9    0.99    2.77    64.53   1.16
48       12.2    1.00    2.77    64.08   1.16
49       12.4    1.00    2.77    64.08   1.16
50       12.7    1.00    2.78    63.91   1.16
51       13.0    1.02    2.78    62.48   1.16
52       13.3    1.02    2.78    62.48   1.16
53       13.6    1.03    2.79    61.22   1.15
54       13.9    1.07    2.80    58.73   1.16
55       14.1    1.62    2.69    47.53   1.15
56       14.4    2.49    2.70    42.25   1.16
57       14.7    4.02    1.28    50.00   1.17
58       14.9    4.12    1.21    50.00   1.16
59       15.3    4.24    0.90    50.00   1.13
60       15.5    4.41    0.42    50.00   1.09
61       15.8    4.59    0.34    50.00   1.04
62       16.1    2.42    2.80    41.41   0.97
63       16.4    1.06    2.83    58.57   0.94
64       16.8    1.02    2.98    55.56   0.95
65       17.0    0.92    2.98    58.62   0.99
66       17.4    0.41    2.85    125.79  1.03
67       17.6    4.46    2.87    31.48   1.05
68       18.0    4.42    2.88    31.19   1.10
69       18.2    3.94    3.03    27.70   1.16
70       18.5    4.26    3.04    27.30   1.23
71       18.9    3.46    3.08    27.74   1.27
72       19.1    3.16    -2.95   33.22   1.29
73       19.4    3.04    -3.12   31.10   1.29
74       19.6    3.15    -3.08   30.95   1.25
75       19.9    3.42    -3.03   29.27   1.21
76       20.1    2.55    -3.11   36.37   1.14
77       20.5    2.69    -0.21   107.09  1.12
78       20.7    3.95    -0.31   50.00   1.14
79       21.0    3.45    -0.37   59.33   1.27
80       21.3    2.75    -0.47   103.37  1.49
81       21.5    2.18    -0.58   138.47  1.83
Time to reach the goal = 21.549999
