1        0.0     0.00    0.00    1000.00 0.00
2        0.2     4.33    0.42    50.00   1.07
3        0.3     2.00    -2.83   44.12   1.53
4        0.5     2.02    -2.81   44.11   1.53
5        0.7     2.03    -2.78   44.31   1.53
6        0.9     2.08    -2.73   44.47   1.53
7        1.2     2.17    -2.65   44.58   1.52
8        1.5     2.24    -2.65   44.23   1.52
9        1.7     2.31    -2.66   43.71   1.52
10       2.0     2.27    -2.65   44.12   1.53
11       2.2     2.12    -2.60   45.39   1.53
12       2.5     2.05    -2.54   46.22   1.54
13       2.7     2.06    -2.52   46.33   1.53
14       3.0     2.17    -2.54   45.72   1.52
15       3.2     2.32    -2.61   44.28   1.51
16       3.5     2.44    -2.66   43.03   1.51
17       3.7     2.50    -2.69   42.25   1.50
18       4.0     2.47    -2.72   42.14   1.51
19       4.2     2.38    -2.73   42.51   1.52
20       4.4     2.28    -2.77   42.77   1.54
21       4.7     2.16    -2.79   43.37   1.56
22       4.9     1.99    -2.79   44.52   1.58
23       5.2     0.97    -2.76   66.96   1.60
24       5.4     1.34    -2.69   49.15   1.62
25       5.7     1.32    -2.59   49.43   1.64
26       5.9     1.19    -2.50   50.94   1.65
27       6.2     1.18    -2.43   52.34   1.66
28       6.4     1.20    -2.40   50.64   1.65
29       6.7     1.22    -2.37   49.94   1.65
30       6.9     1.17    -2.35   53.96   1.66
31       7.2     1.10    -2.36   65.54   1.67
32       7.4     1.02    -2.41   75.39   1.69
33       7.7     0.96    -2.38   85.37   1.71
34       7.9     0.96    -2.38   84.56   1.72
35       8.2     0.99    -2.41   78.72   1.72
36       8.4     1.12    -2.49   59.81   1.70
37       8.7     1.27    -2.55   49.68   1.68
38       8.9     1.42    -2.58   48.92   1.66
39       9.2     1.59    -2.58   48.10   1.62
40       9.4     1.77    -2.57   47.28   1.58
41       9.7     1.96    -2.60   46.18   1.55
42       9.9     2.19    -2.66   44.44   1.52
43       10.2    2.51    -2.76   41.40   1.49
44       10.4    2.87    -2.85   37.42   1.45
45       10.7    3.24    -2.90   33.66   1.41
46       10.9    3.51    -2.91   31.14   1.36
47       11.2    3.64    -2.92   30.35   1.31
48       11.4    3.69    -2.86   31.77   1.25
49       11.7    3.65    -2.77   33.76   1.20
50       11.9    3.66    -2.70   35.46   1.15
51       12.2    3.74    -2.66   36.44   1.10
52       12.4    3.81    -2.66   36.48   1.07
53       12.7    3.84    -2.69   35.68   1.07
54       12.9    3.92    -2.76   34.08   1.09
55       13.2    4.09    -2.85   31.89   1.12
56       13.4    4.50    -2.96   29.29   1.17
57       13.7    4.65    -3.10   25.91   1.21
58       13.9    4.62    3.11    25.79   1.26
59       14.2    4.59    3.07    26.75   1.31
60       14.4    4.74    3.08    26.54   1.36
61       14.7    4.04    3.12    25.56   1.42
62       14.9    3.25    -3.10   29.55   1.48
63       15.2    2.55    -3.01   37.76   1.55
64       15.4    1.99    -2.87   43.87   1.61
65       15.7    1.58    -2.71   47.67   1.68
66       15.9    1.39    -2.56   49.14   1.73
67       16.2    1.32    -2.45   49.57   1.76
68       16.5    1.33    -2.38   49.63   1.75
69       16.7    0.72    -2.35   121.96  1.73
70       17.0    1.30    -2.36   49.74   1.68
71       17.2    1.49    -2.40   49.13   1.61
72       17.5    1.61    -2.48   48.43   1.52
73       17.7    2.03    -2.59   45.91   1.42
74       18.0    1.50    -2.72   48.09   1.28
75       18.2    2.93    -2.89   36.40   1.13
76       18.5    3.61    -3.08   26.47   0.94
77       18.7    3.50    3.03    28.58   0.76
78       19.0    3.66    2.87    31.45   0.57
79       19.2    3.82    2.52    39.75   0.29
Time to reach the goal = 19.200001
