1        0.0     0.00    0.00    1000.00         0.00
2        0.2     6.00    0.17    50.00   1.15
3        0.3     0.55    -2.85   86.60   1.95
4        0.5     0.54    -2.82   90.74   1.96
5        0.7     0.65    -2.76   89.32   1.96
6        0.9     0.91    -2.72   72.84   1.96
7        1.2     1.40    -2.66   48.85   1.97
8        1.5     2.47    -2.60   43.60   1.99
9        1.7     3.55    -2.49   40.76   2.00
10       2.0     3.60    -2.37   43.31   2.00
11       2.3     3.68    -2.27   45.91   2.00
12       2.5     1.30    -2.28   49.81   1.99
13       2.8     3.94    -2.33   44.48   1.98
14       3.0     3.95    -2.32   44.57   1.99
15       3.3     3.92    -2.29   45.29   2.00
16       3.5     3.88    -2.22   47.01   2.01
17       3.8     3.86    -2.11   49.59   2.02
18       4.0     3.91    -2.01   50.00   2.03
19       4.3     4.02    -1.96   50.00   2.03
20       4.5     4.18    -1.94   50.00   2.02
21       4.8     4.30    -1.96   50.00   2.00
22       5.1     4.35    -2.02   50.00   1.99
23       5.3     4.34    -2.11   49.72   2.00
24       5.6     4.39    -2.21   47.19   2.01
25       5.8     4.51    -2.25   46.29   1.99
26       6.1     1.50    -2.25   49.53   1.97
27       6.3     4.75    -2.22   46.99   1.94
28       6.6     4.90    -2.19   47.79   1.91
29       6.8     4.96    -2.18   47.84   1.90
30       7.1     4.95    -2.21   47.19   1.90
31       7.3     4.95    -2.29   45.23   1.92
32       7.7     0.35    -2.35   234.57  1.93
33       7.9     0.43    -2.36   175.19  1.91
34       8.3     5.00    -2.32   44.50   1.90
35       8.5     5.00    -2.29   45.27   1.91
36       8.8     4.95    -2.25   46.37   1.93
37       9.1     4.87    -2.18   48.02   1.95
38       9.3     4.84    -2.07   50.00   1.96
39       9.6     2.42    -1.97   58.58   1.99
40       9.8     4.79    -1.92   50.00   2.02
41       10.1    4.68    -1.89   50.00   2.06
42       10.3    4.55    -1.90   50.00   2.10
43       10.6    4.37    -1.95   50.00   2.14
44       10.8    4.24    -2.00   50.00   2.18
45       11.1    4.20    -2.01   50.00   2.22
46       11.3    4.19    -1.97   50.00   2.25
47       11.6    4.25    -1.90   50.00   2.29
48       11.9    4.39    -1.86   50.00   2.31
49       12.1    2.01    -1.82   76.19   2.31
50       12.4    4.63    -1.82   50.00   2.30
51       12.7    2.26    -1.89   66.41   2.28
52       13.0    4.85    -2.18   48.05   2.25
53       13.3    4.89    -2.15   48.69   2.25
54       13.5    4.94    -2.13   49.16   2.26
55       13.8    4.96    -2.16   48.46   2.29
56       14.0    4.98    -2.16   48.43   2.34
57       14.3    4.98    -2.17   48.30   2.40
58       14.5    3.08    -2.13   49.40   2.46
59       14.8    4.90    -2.01   50.00   2.52
60       15.0    2.86    -1.72   66.31   2.62
61       15.3    3.31    -1.65   57.71   2.67
62       15.6    4.84    -1.61   50.00   2.68
63       15.9    4.59    -1.45   50.00   2.67
64       16.1    4.59    -1.50   50.00   2.62
65       16.4    4.89    -1.97   50.00   2.54
66       16.6    4.92    -1.92   50.00   2.42
67       16.9    4.07    -1.88   50.00   2.26
68       17.1    3.98    -1.83   50.00   2.06
69       17.4    4.18    -1.96   50.00   1.75
70       17.6    4.57    -2.16   48.53   1.41
71       17.9    4.63    -2.38   43.16   1.07
72       18.1    1.84    -2.65   46.44   0.65
73       18.4    2.42    -2.92   39.96   0.34
74       18.6    4.61    3.06    26.83   0.19
75       18.9    3.97    2.72    34.98   0.17
76       19.1    2.35    2.42    46.26   0.25
77       19.4    1.32    2.12    49.97   0.43
Time to reach the goal = 19.400000
