1        0.0     0.00    0.00    1000.00 0.00
2        0.2     6.00    0.17    50.00   1.16
3        0.3     0.55    -2.90   79.62   1.95
4        0.5     0.54    -2.88   83.20   1.95
5        0.7     0.67    -2.84   80.16   1.95
6        0.9     0.96    -2.75   68.05   1.95
7        1.2     1.21    -2.66   49.95   1.95
8        1.5     1.55    -2.52   48.51   1.94
9        1.7     2.03    -2.42   47.30   1.94
10       2.0     2.93    -2.37   45.29   1.95
11       2.2     3.90    -2.32   44.55   1.96
12       2.5     1.39    -2.24   49.71   1.97
13       2.7     3.95    -2.22   47.01   1.97
14       3.0     4.08    -2.23   46.64   1.96
15       3.2     4.15    -2.25   46.35   1.96
16       3.5     4.15    -2.22   46.95   1.96
17       3.7     3.77    -2.16   48.34   1.97
18       4.0     4.10    -2.11   49.53   1.99
19       4.2     4.12    -2.09   50.00   2.00
20       4.4     4.16    -2.11   49.59   2.00
21       4.7     4.29    -2.17   48.28   1.99
22       4.9     4.43    -2.22   47.04   1.98
23       5.2     4.58    -2.23   46.67   1.95
24       5.4     4.67    -2.21   47.32   1.94
25       5.7     4.78    -2.18   47.88   1.93
26       5.9     4.90    -2.20   47.47   1.91
27       6.2     4.97    -2.25   46.37   1.91
28       6.4     4.98    -2.32   44.50   1.91
29       6.7     4.64    -2.40   42.80   1.93
30       6.9     4.67    -2.43   41.97   1.94
31       7.2     4.75    -2.42   42.12   1.93
32       7.4     0.68    -2.39   124.97  1.91
33       7.7     0.82    -2.30   111.64  1.88
34       8.0     2.70    -2.24   47.77   1.88
35       8.3     2.70    -2.17   48.85   1.89
36       8.5     1.70    -2.08   51.91   1.89
37       8.8     2.81    -1.96   56.29   1.88
38       9.1     4.06    -1.90   50.00   1.89
39       9.3     4.51    -1.88   50.00   1.91
40       9.6     3.82    -1.88   50.00   1.94
41       9.8     4.98    -1.93   50.00   1.97
42       10.1    4.90    -1.97   50.00   2.01
43       10.3    4.86    -1.97   50.00   2.03
44       10.6    4.87    -1.94   50.00   2.06
45       10.8    4.93    -1.91   50.00   2.07
46       11.1    4.76    -1.92   50.00   2.07
47       11.4    4.88    -1.97   50.00   2.05
48       11.6    2.99    -2.07   50.85   2.01
49       11.9    3.08    -2.16   48.84   1.99
50       12.1    3.09    -2.20   48.03   1.99
51       12.4    3.09    -2.20   47.92   2.00
52       12.6    3.06    -2.18   48.50   2.02
53       12.9    3.04    -2.11   49.70   2.06
54       13.1    3.09    -2.12   49.43   2.06
55       13.4    3.19    -2.22   47.54   2.04
56       13.6    0.28    -2.31   291.65  2.03
57       13.9    3.32    -2.36   44.37   2.04
58       14.1    3.27    -2.38   44.19   2.08
59       14.4    3.28    -2.35   44.78   2.14
60       14.6    3.22    -2.29   46.06   2.21
61       14.9    3.18    -2.20   47.99   2.31
62       15.1    3.40    -2.07   50.24   2.41
63       15.4    3.32    -2.06   50.61   2.53
64       15.6    3.54    -2.06   50.13   2.67
65       15.9    4.65    -2.03   50.00   2.78
66       16.1    3.79    -1.48   50.00   2.84
67       16.4    3.41    -1.43   57.50   2.86
68       16.6    0.92    -1.38   246.70  2.83
69       16.9    3.27    -1.32   65.33   2.66
Time to reach the goal = 16.900000
