1        0.0     0.00    0.00    1000.00         0.00
2        0.2     4.29    0.42    50.00   1.07
3        0.3     2.01    -2.86   43.83   1.53
4        0.5     2.01    -2.86   43.82   1.53
5        0.7     2.02    -2.82   44.09   1.53
6        1.0     2.05    -2.77   44.26   1.53
7        1.3     2.17    -2.70   44.17   1.52
8        1.5     2.33    -2.61   44.27   1.50
9        1.8     2.51    -2.55   44.10   1.49
10       2.0     2.61    -2.62   42.62   1.48
11       2.3     2.70    -2.66   41.57   1.48
12       2.6     2.67    -2.64   41.98   1.48
13       2.8     2.34    -2.60   44.25   1.49
14       3.1     2.44    -2.56   44.29   1.49
15       3.3     2.48    -2.56   44.08   1.49
16       3.6     2.61    -2.59   42.96   1.47
17       3.9     2.81    -2.67   40.83   1.46
18       4.2     2.90    -2.77   38.60   1.46
19       4.4     3.38    -2.91   32.23   1.47
20       4.7     2.44    -3.09   37.70   1.48
21       4.9     2.38    3.03    39.01   1.50
22       5.2     2.35    2.95    40.17   1.52
23       5.4     2.33    2.99    39.95   1.53
24       5.7     3.18    3.10    30.18   1.55
25       5.9     2.71    -3.06   35.40   1.56
26       6.3     2.07    -2.91   42.95   1.59
27       6.5     1.73    -2.82   46.19   1.61
28       6.8     1.53    -2.80   47.67   1.63
29       7.0     1.37    -2.76   48.88   1.65
30       7.3     0.97    -2.69   70.25   1.67
31       7.6     0.94    -2.56   79.04   1.69
32       7.8     0.78    -2.42   108.16          1.71
33       8.1     0.63    -2.29   142.70          1.73
34       8.3     0.50    -2.23   170.84          1.75
35       8.6     0.42    -2.14   213.59          1.77
36       8.8     0.44    -2.13   201.95          1.78
37       9.1     0.50    -2.18   177.82          1.77
38       9.3     0.62    -2.22   151.39          1.76
39       9.6     0.75    -2.30   122.03          1.74
40       9.8     0.92    -2.41   88.41   1.72
41       10.1    1.06    -2.53   66.86   1.70
42       10.3    1.09    -2.60   61.16   1.70
43       10.6    1.11    -2.63   58.62   1.71
44       10.8    1.10    -2.66   58.69   1.72
45       11.1    1.16    -2.71   52.86   1.72
46       11.4    1.18    -2.76   51.16   1.73
47       11.6    1.21    -2.77   49.94   1.74
48       11.9    1.29    -2.73   49.44   1.72
49       12.1    1.38    -2.65   48.99   1.69
50       12.4    1.49    -2.53   48.76   1.64
51       12.7    1.60    -2.42   48.68   1.60
52       12.9    1.72    -2.37   48.60   1.56
53       13.3    1.88    -2.35   48.31   1.51
54       13.5    2.03    -2.37   47.75   1.47
55       13.8    2.23    -2.42   46.67   1.42
56       14.1    2.52    -2.53   44.25   1.37
57       14.4    2.96    -2.68   39.69   1.31
58       14.6    3.32    -2.82   34.70   1.27
59       14.9    3.56    -2.92   30.59   1.26
60       15.1    3.57    -2.94   29.97   1.26
61       15.4    3.41    -2.94   31.29   1.28
62       15.6    2.08    -2.91   42.87   1.31
63       15.9    2.46    -2.83   40.70   1.35
64       16.1    2.49    -2.78   41.24   1.37
65       16.5    2.42    -2.75   42.08   1.37
66       16.7    2.51    -2.75   41.45   1.34
67       17.0    2.68    -2.82   39.36   1.28
68       17.3    3.07    -2.92   34.58   1.20
69       17.5    3.87    -3.06   26.83   1.07
70       17.9    4.73    3.08    26.48   1.00
71       18.1    3.31    3.01    30.68   0.98
72       18.4    4.91    2.99    28.64   1.04
73       18.6    4.57    3.00    28.38   1.22
Time to reach the goal = 18.600000
